256,260,264,268,272,274,276,278,280,282,284,286,288,290,292,294,296,298,298,298,298,298,298,298,298,298,298,298,298,298,298,298,298,298,298,298,298,298,298,298,298,298,296,296,296,296,296,294,294,294,294,292,292,290,290,290,288,288,286,286,284,284,282,282,280,280,278,276,276,274,274,272,270,270,268,266,266,264,262,262,260,258,256,256,254,252,250,248,248,246,244,242,242,240,238,236,236,236,234,232,230,230,228,226,224,222,220,220,218,216,214,212,210,208,206,206,204,202,200,198,196,194,192,190,188,186,184,182,180,178,176,174,172,170,168,168,166,164,162,160,158,156,154,152,150,148,146,144,142,142,140,138,136,134,132,130,130,128,126,126,124,122,120,120,118,116,116,114,112,112,110,108,108,106,106,104,102,102,100,100,98,96,96,94,94,92,92,90,90,88,88,88,86,86,84,84,84,82,82,82,80,80,80,80,80,80,80,80,80,80,80,80,80,80,80,80,80,80,80,80,80,80,80,80,80,80,80,80,80,80,80,80,80,80,80,80,80,80,80,80,80,80,80,80,80,80,80,80,80,80,80,80,80,80,80,80,80,80,80,80,80,80,80,80,80,80,80,80,80,80,80,80,80,80,80,80,80,80,80,80,80,80,80,80,80,80,80,80,80,80,80,80,80,80,80,80,80,80,80,80,80,80,80,80,80,80,80,80,80,80,80,80,80,80,80,80,80,80,80,80,80,80,80,80,80,80,80,80,80,80,80,80,80,80,80,80,80,80,80,80,80,80,80,80,80,80,80,80,80,80,80,80,80,80,80,80,80,80,80,80,80,80,80,80,80,80,80,80,80,80,80,80,80,80,80,80,80,80,80,80,80,80,80,80,80,80,80,80,80,80,80,80,80,80,80,80,80,80,80,80,80,80,80,80,80,80,80,80,80,80,80,80,80,80,80,80,80,80,80,80,80,80,80,82,82,82,82,82,84,84,84,84,86,86,86,88,88,88,88,90,90,90,92,92,94,94,94,94,94,94,94,94,96,96,96,96,96,96,96,96,96,96,96,96,96,96,96,96,96,96,96,96,96,96,96,96,96,96,96,96,96,96,96,96,96,96,96,96,96,96,96,96,96,96,96,96,96,96,96,96,96,96,96,96,96,96,96,96,96,96,96,96,96,96,96,96,96,96,96,96,96,96,96,96,96,96,96,96,96,96,96,96,96,96,96,96,96,96,96,96,96,96,96,96,96,96,96,96,96,96,96,96,96,96,96,96,96,96,96,96,96,96,96,96,96,96,96,96,96,96,96,96,96,96,96,96,96,96,96,96,96,96,96,96,96,96,96,96,96,96,96,96,96,96,96,96,96,96,96,96,96,96,96,96,96,96,96,96,96,96,96,96,96,96,96,96,96,96,96,96,96,96,96,96,96,96,96,96,96,96,96,96,98,98,98,98,98,98,98,98,98,98,98,98,98,98,98,98,98,98,98,98,98,98,98,98,100,100,100,100,100,102,104,106,108,110,112,114,116,118,120,122,124,126,128,130,132,134,136,138,140,142,144,146,148,150,152,154,156,158,160,162,164,166,168,170,172,174,176,178,180,182,184,186,188,190,192,194,196,198,200,202,204,206,208,210,212,214,216,218,220,222,224,226,228,230,232,234,236,236,238,240,242,244,246,248,250,252,254,256,258,260,262,264,266,268,270,274,276,276,278,280,282,284,286,288,290,292,294,296,298,300,302,304,306,308,310,312,314,316,318,320,322,324,326,328,330,332,334,336,336,338,340,342,344,344,346,348,350,350,352,352,354,356,356,358,358,358,360,360,362,362,362,364,364,364,366,366,366,366,366,368,368,368,368,368,368,368,368,368,368,370,370,370,370,370,370
268,272,276,280,284,288,290,292,294,296,298,300,302,304,306,308,310,312,314,316,316,316,316,316,316,316,316,316,316,316,316,316,316,316,316,314,314,314,314,314,314,314,314,314,314,314,314,312,312,312,310,310,308,308,306,306,304,302,300,298,298,296,294,294,292,290,290,288,286,284,284,282,280,278,278,278,276,274,272,272,270,268,266,266,264,262,260,260,258,256,254,254,252,250,250,248,246,246,244,242,242,240,240,238,236,236,236,236,234,234,232,232,230,228,228,228,226,226,224,224,222,222,220,220,218,216,216,214,214,212,210,210,208,208,206,204,202,202,200,198,198,196,194,192,190,190,188,186,184,182,182,180,178,176,176,174,172,170,170,168,166,164,164,162,160,158,158,156,154,152,152,150,148,146,146,144,142,140,140,138,136,134,132,132,130,128,126,126,124,122,120,120,118,116,116,114,112,112,110,108,108,108,108,108,108,108,108,108,108,108,108,108,108,108,108,108,108,108,108,108,108,108,108,108,108,108,108,108,108,108,108,108,108,108,108,108,108,108,108,108,108,106,106,106,106,106,106,106,106,106,106,106,106,106,106,106,106,106,106,106,106,106,106,106,106,106,106,106,106,106,106,106,106,106,106,106,106,106,106,106,106,106,106,106,106,106,106,106,106,106,106,106,106,106,106,106,106,106,106,106,106,106,106,106,106,106,106,106,104,104,104,104,104,104,104,104,104,104,104,104,104,104,104,104,104,104,104,104,104,104,104,104,104,104,104,104,104,104,104,104,104,104,104,104,104,104,104,104,104,104,104,104,104,104,104,104,104,104,104,104,104,104,104,104,104,104,104,104,104,104,104,104,104,104,104,104,104,104,104,104,104,104,104,104,104,104,104,104,104,104,104,104,104,104,104,104,104,104,104,104,104,104,104,104,104,104,104,104,104,104,104,104,104,104,104,104,104,104,104,104,104,104,104,104,104,104,104,104,104,104,104,104,104,104,104,104,104,104,104,104,104,104,104,104,104,104,104,104,104,104,104,104,104,104,104,104,104,104,104,104,104,104,104,104,104,104,104,104,104,104,104,104,104,104,104,104,104,104,104,104,104,104,104,104,104,104,104,104,104,104,104,104,104,104,104,104,104,104,104,104,104,104,104,104,104,104,104,104,106,106,106,106,106,106,106,106,106,106,106,106,106,106,106,106,106,106,106,106,106,106,106,106,106,106,106,106,106,106,106,106,106,106,106,106,106,106,106,106,106,106,106,106,106,106,106,106,108,108,108,108,108,108,108,108,108,108,108,108,108,108,108,108,108,108,110,112,114,116,118,120,122,124,126,128,130,132,134,136,138,140,142,144,146,148,150,152,154,156,158,160,162,164,166,168,172,176,180,184,188,192,196,200,204,208,212,216,220,224,228,232,234,238,242,246,252,258,264,270,276,282,288,294,300,306,312,318,324,330,336,342,348,354,360,366,372,378,384,390,396,402,410,416,422,428,434,442,450,458,466,474,482,490,498,506,514,522,530,538,546,554,562,570,578,586,594,602,610,618,626,632,640,648,656,664,672,680,688,696,704,712,718,724,730,736,742,748,754,760,766,772,778,784,790,796,802,808,812,816,820,824,828,830,834,838,842,846,850,854,856,858,860,862,864,866,868,870,872,874,876,878,878,878,878,878,878,878,878,878,878,878,878,878,874,872,870,868,866,864,862,860,858,856,852,850,848,846,846,842,838,834,830,826,822,818,816,812,808,804,800,796,792,788,784,780,776,772,768,764,760,756,752,748,746,742,738,734,730,726,722,718,714,710,708,706,704,702,700,698,696,694,692,690,688,686,684,682,680,680,680,680,680,680,680,680,680,680,680,680,680,680,680,680,680,680,680,680,680
280,284,288,292,296,300,304,308,312,314,316,318,320,322,324,326,328,330,332,334,336,338,338,338,338,338,338,338,338,338,338,338,338,338,338,338,338,338,338,338,338,338,338,338,338,338,338,338,338,338,336,336,336,334,334,334,332,332,332,330,330,328,328,328,326,326,324,324,322,322,320,320,318,318,316,316,314,314,312,312,310,308,308,306,306,304,302,302,300,300,298,296,296,294,292,292,290,288,286,286,284,282,280,278,276,276,274,274,272,270,268,266,264,262,260,260,258,256,254,252,250,248,246,244,242,240,238,236,236,234,232,230,228,226,224,222,220,218,216,214,214,212,210,208,206,204,202,200,198,196,194,192,190,188,186,184,182,180,178,176,174,172,170,168,166,164,162,160,158,156,154,152,150,148,146,144,142,140,138,136,134,132,130,128,126,124,122,120,120,118,116,114,112,110,108,106,106,104,102,102,102,102,102,102,102,102,102,102,102,102,102,102,102,102,102,102,102,102,102,102,102,102,102,102,102,102,102,102,102,102,102,102,102,102,102,102,102,102,102,102,102,102,102,102,102,102,102,102,102,102,102,102,102,102,102,102,102,102,102,102,102,102,102,102,102,102,102,102,102,102,102,102,102,102,102,102,102,102,102,102,102,102,102,102,102,102,102,102,102,102,102,102,102,102,102,102,102,102,102,102,102,102,102,102,102,102,102,100,100,100,100,100,100,100,100,100,100,100,98,98,98,98,98,98,98,98,96,96,96,96,96,96,96,96,94,92,92,92,92,92,90,90,90,90,90,90,90,88,88,88,88,88,88,90,90,90,90,90,88,88,88,88,88,88,88,88,88,88,86,86,86,86,86,86,86,86,86,86,86,86,86,86,86,86,86,84,84,84,84,84,84,84,84,84,84,84,84,84,84,84,84,84,84,84,84,82,82,82,82,82,82,80,80,80,80,80,78,78,78,78,78,76,76,76,76,76,74,74,74,74,72,72,72,70,70,70,70,68,68,68,66,66,66,64,64,64,62,62,62,60,60,58,58,58,56,56,54,54,52,52,50,50,48,48,46,44,42,40,38,36,34,32,30,28,26,24,24,22,20,18,16,14,14,12,10,10,10,8,10,10,10,12,14,14,16,18,20,22,24,24,26,28,30,32,32,32,32,32,32,32,32,32,32,32,32,32,32,32,30,28,26,24,24,22,20,18,16,14,12,10,8,10,12,14,18,22,26,32,38,44,50,56,62,70,78,86,94,102,110,120,130,140,150,162,174,186,196,208,222,236,250,264,280,296,312,328,344,362,380,396,414,434,454,474,496,518,540,562,586,608,632,656,682,708,734,760,788,814,842,872,902,932,962,992,1024,1056,1088,1122,1156,1188,1222,1256,1292,1328,1364,1398,1434,1472,1510,1548,1584,1622,1660,1698,1736,1776,1816,1856,1894,1934,1974,2014,2054,2094,2134,2172,2212,2252,2292,2332,2372,2410,2450,2490,2530,2570,2610,2648,2686,2724,2762,2800,2838,2874,2910,2946,2982,3018,3052,3086,3120,3154,3186,3218,3250,3280,3310,3338,3366,3394,3418,3444,3470,3494,3518,3540,3562,3582,3600,3620,3638,3656,3672,3688,3702,3716,3728,3740,3750,3758,3766,3774,3780,3786,3790,3792,3796,3798,3800,3800,3800,3798,3796,3792,3788,3782,3776,3768,3760,3752,3742,3732,3720,3708,3694,3680,3666,3650,3634,3614,3596,3578,3558,3538,3516,3494,3472,3448,3424,3400,3374,3348,3322,3296,3268,3240,3212,3184,3156,3126,3096,3066,3036,3004,2972,2942,2910,2878,2846,2814,2782,2752,2720,2688,2656,2624,2592,2562,2530,2498,2466,2434,2402,2370,2340,2308,2276,2244,2212,2182,2152,2124,2094,2064,2034,2006,1978,1950,1922,1894,1868,1842,1816,1790,1766,1742,1718,1696,1674,1652,1630,1610,1590,1570,1552,1536,1518,1502,1486,1470,1454,1440,1426,1412,1400,1388,1376,1366,1356,1346,1340,1332,1324,1316,1310,1304,1298,1294,1290,1286,1282,1278,1276,1274,1272,1270,1270,1270,1270,1270,1270,1270,1270,1270,1270,1270,1270
272,276,280,282,284,286,288,290,292,294,296,298,300,302,304,304,304,304,304,302,302,302,302,302,302,302,302,302,302,302,302,300,300,300,300,300,300,300,300,300,298,296,296,296,294,294,292,290,288,286,286,284,282,282,278,276,274,274,272,270,270,268,266,264,264,262,260,260,258,256,256,254,252,252,250,248,248,246,244,242,240,240,238,236,236,234,232,230,228,228,226,224,222,220,218,216,214,212,212,210,208,206,204,202,200,198,198,196,194,192,190,188,188,186,184,182,180,178,178,176,174,172,170,170,168,166,164,164,162,160,158,158,156,154,154,152,150,150,148,148,146,144,144,142,142,140,140,138,136,136,134,134,134,132,132,130,130,128,128,128,126,126,126,124,124,124,124,122,122,122,122,122,120,120,120,120,120,118,118,118,118,116,116,116,116,114,114,114,114,114,114,112,112,112,112,112,112,110,110,110,110,110,110,110,110,110,110,110,110,110,110,110,110,110,110,110,110,110,110,110,110,110,110,110,110,110,110,110,110,110,110,110,110,110,110,110,110,110,110,110,110,110,110,110,110,110,110,110,110,110,110,110,110,110,110,110,110,110,110,110,110,110,110,110,110,110,110,110,110,110,110,110,110,108,108,108,108,108,108,108,108,108,108,108,108,108,108,108,106,106,106,106,106,106,106,106,106,106,106,104,104,104,104,104,104,104,104,104,102,102,102,102,102,102,102,100,100,100,100,100,100,100,100,100,98,98,98,98,98,98,98,98,98,98,98,98,98,98,98,96,96,96,96,96,96,96,96,96,96,96,96,96,96,96,94,94,94,94,94,94,94,94,94,94,94,92,92,92,92,92,92,92,92,92,90,90,90,90,90,90,90,88,88,88,88,88,88,88,86,86,86,86,86,84,84,84,84,84,82,82,82,82,82,80,80,80,80,78,78,78,76,76,76,76,74,74,74,72,72,72,70,70,70,68,68,66,66,66,64,64,64,64,64,64,66,66,66,66,66,66,66,66,66,66,66,66,66,66,66,66,66,66,66,66,66,66,66,66,66,66,66,66,66,66,66,66,66,66,66,66,66,66,66,66,66,66,66,66,66,66,66,68,68,70,72,74,76,76,78,80,84,86,88,90,92,94,96,98,100,102,104,106,110,114,118,122,126,130,134,138,142,146,150,154,158,162,166,172,178,184,190,194,200,206,212,218,224,230,236,242,248,254,262,270,278,286,294,302,310,318,326,334,342,350,358,366,374,382,390,396,404,412,420,428,436,444,452,462,470,478,486,496,504,514,524,534,544,554,564,574,584,592,602,612,622,632,642,652,662,672,680,688,696,704,712,720,728,736,744,752,760,768,776,784,790,798,804,810,816,822,828,834,840,846,852,856,860,864,868,872,876,880,884,886,888,890,892,894,896,898,900,900,900,900,900,900,900,900,900,900,898,896,894,892,890,888,886,884,882,880,878,876,874,872,870,868,866,864,862,858,856,854,850,846,842,838,834,830,826,822,818,814,810,806,802,798,794,792,790,790,788,786,784,782,780,778,776,774,772,770,768,766,764,762,760,758,756,754,752,750,748,746,744,742,740,740,738,736,734,732,730,728,726,724,722,720,718,716,714,712,710,708,706,704,702,700,698,696,694,692,690,688,686,684,682,680,676,672,668,664,660,654,650,646,642,638,634,632,628,624,620,616,612,608,604,600,598,594,590,586,582,576,572,568,564,560,554,550,544,540,534,530,524,518,512,508,502,498,494,490,486,482,478,474,470,466,462,458,454,450,446,442,438,434,432,428,424,420,416,412,410,408,406,404,402,400,398,396,394,392,390,388,386,384,382,382,382,382,382,382,382,382,382,382,382,382,382,382,382,382,382,382,382,382,382,382,382
256,260,264,268,272,276,278,280,282,284,286,288,290,292,294,296,298,300,302,304,304,304,304,304,304,304,304,304,304,302,302,302,302,302,302,302,302,302,302,302,302,300,300,300,300,300,300,298,298,298,298,296,296,294,292,292,292,290,290,288,288,288,286,286,284,284,282,282,280,280,278,278,276,276,274,274,272,272,270,268,268,266,264,264,262,260,260,258,256,254,254,252,250,248,246,246,244,242,240,238,238,236,234,232,232,230,228,226,226,224,222,222,220,218,216,216,214,212,212,210,210,208,206,206,204,204,202,200,200,198,198,196,196,196,194,194,192,192,190,188,188,186,184,184,180,178,176,176,174,172,170,168,168,166,164,162,160,160,158,156,154,154,152,150,148,148,146,144,144,142,140,140,138,136,136,134,132,132,130,128,128,126,126,124,124,122,120,120,118,118,116,116,114,114,112,112,110,110,110,108,108,106,106,106,104,104,104,104,102,102,102,102,100,100,100,100,100,100,100,98,98,98,98,98,98,98,96,96,96,96,96,96,96,96,96,94,94,94,94,94,94,94,94,94,94,94,94,94,94,94,94,94,94,94,94,94,92,92,92,92,92,92,92,92,92,92,92,92,92,92,92,92,92,92,92,92,92,92,90,90,90,90,90,90,90,90,90,90,90,90,90,90,88,88,88,88,88,88,88,88,88,88,88,86,86,86,86,86,86,86,86,86,84,84,84,84,84,84,84,84,82,82,82,82,82,82,82,82,80,80,80,80,80,80,80,80,78,78,78,78,78,78,78,78,76,76,76,76,76,76,76,76,76,76,76,74,74,74,74,74,74,74,74,74,74,74,74,74,74,74,74,74,74,74,74,74,74,74,74,74,74,74,74,74,74,74,74,74,74,74,74,74,74,74,74,74,74,74,74,74,74,74,74,74,72,72,72,72,72,72,70,70,70,70,70,68,68,68,68,66,66,66,66,64,64,64,64,62,62,62,60,60,60,58,58,56,58,56,56,54,54,52,50,50,48,46,44,42,40,40,38,38,38,38,38,38,38,38,38,38,38,38,38,38,38,38,38,38,38,38,38,38,38,38,38,38,40,42,44,46,48,52,54,56,58,60,62,64,66,70,74,78,82,86,90,94,98,102,108,114,120,126,132,138,144,150,158,166,174,182,190,198,208,218,228,238,248,258,268,280,292,304,314,326,340,354,368,382,396,412,428,444,460,476,492,510,526,544,562,580,600,620,640,660,680,702,722,744,766,788,810,834,858,882,906,928,952,978,1004,1030,1056,1082,1106,1132,1160,1188,1216,1244,1272,1300,1326,1354,1382,1410,1438,1466,1494,1520,1548,1576,1604,1634,1664,1694,1722,1752,1782,1812,1842,1870,1896,1924,1952,1980,2008,2036,2064,2092,2118,2146,2172,2198,2224,2250,2276,2300,2324,2348,2372,2394,2418,2440,2460,2482,2504,2524,2542,2562,2580,2596,2614,2634,2650,2666,2682,2696,2710,2722,2736,2748,2758,2768,2778,2788,2796,2802,2808,2814,2820,2824,2828,2830,2832,2834,2834,2834,2832,2830,2828,2824,2820,2814,2808,2804,2796,2788,2778,2770,2760,2748,2736,2726,2712,2698,2684,2668,2652,2636,2620,2602,2586,2568,2548,2528,2508,2488,2466,2444,2422,2402,2378,2354,2330,2306,2282,2256,2230,2206,2178,2154,2126,2102,2074,2046,2016,1988,1960,1932,1904,1876,1848,1820,1792,1764,1736,1708,1680,1652,1624,1596,1568,1540,1512,1484,1456,1428,1400,1374,1348,1322,1296,1270,1244,1218,1192,1168,1144,1120,1096,1072,1048,1024,1002,982,960,938,916,896,876,856,836,816,796,778,760,742,724,706,690,674,658,642,626,612,598,584,570,556,542,530,518,508,496,484,474,464,454,444,434,424,414,406,398,390,382,374,366,360,354,348,342,336,330,324,320,316,314,310,306,302,298,294,290,288,286,284,282,280,278,276,274,272,270,268,268,268,268,268,268,268,268,268,268,268,268,268,268,268,268,268,268,268,268,268,268,268,268
224,226,228,230,234,236,236,238,240,242,246,248,250,252,254,254,254,254,254,254,254,254,254,254,254,254,254,254,254,254,254,254,254,254,254,254,254,254,254,254,254,254,254,254,252,252,252,250,250,250,248,248,246,246,244,244,242,242,240,238,238,236,236,236,234,232,230,230,228,226,224,222,222,220,218,216,214,214,212,210,208,208,206,204,202,202,200,198,196,196,194,192,192,190,188,186,186,184,182,182,180,178,178,176,176,174,172,172,170,170,168,168,166,164,164,162,162,160,160,158,156,156,154,154,152,152,150,150,148,148,146,146,144,144,144,144,144,144,144,144,144,144,144,144,144,144,144,144,144,144,144,144,144,144,144,144,144,144,144,144,144,144,144,144,144,144,144,144,144,144,144,144,144,144,144,144,144,144,144,144,144,144,144,144,144,144,144,144,144,144,144,144,144,144,144,144,144,144,144,144,144,144,144,146,146,146,146,146,146,148,148,148,148,150,150,150,152,152,152,152,152,152,152,152,152,152,152,152,152,152,152,152,152,152,152,152,152,152,152,152,152,152,152,152,152,152,152,152,152,152,152,152,152,152,152,152,152,152,152,152,152,152,152,152,152,152,152,152,152,152,152,152,152,152,152,152,152,152,152,152,152,152,152,152,152,152,152,152,152,152,152,152,152,152,152,150,150,150,150,150,150,150,148,148,148,146,146,146,144,144,144,142,142,142,140,140,138,138,136,136,136,134,134,132,132,130,130,128,128,126,126,126,124,124,122,122,122,120,118,118,118,118,116,116,116,112,112,110,110,110,108,108,106,106,106,104,104,104,104,102,102,102,102,102,102,100,100,100,100,100,100,100,100,100,100,98,98,98,98,98,100,100,100,100,98,98,98,98,98,98,98,98,96,96,96,96,96,96,96,96,96,96,96,94,94,94,94,94,94,94,94,94,92,92,92,92,92,92,92,90,90,90,90,90,90,88,88,88,88,88,88,86,86,88,88,88,86,86,86,86,84,84,84,84,82,82,82,82,80,80,80,78,78,78,76,76,76,74,74,74,72,72,72,70,70,68,68,68,66,66,64,64,64,64,64,64,64,64,64,64,64,64,64,64,64,64,64,64,64,64,64,64,64,64,64,64,64,64,64,64,64,64,64,64,64,64,64,64,64,64,64,64,64,64,64,64,64,64,64,64,64,64,64,64,64,64,64,64,64,64,66,68,70,72,74,76,78,80,82,84,86,88,90,92,94,96,98,100,102,104,106,108,110,112,114,116,118,122,126,130,134,138,142,146,150,154,158,162,166,170,174,178,182,186,190,196,202,208,214,220,226,232,238,244,250,256,262,268,274,280,286,292,300,308,314,322,330,338,346,354,362,370,378,386,394,402,410,418,426,434,442,450,458,466,474,482,490,500,508,514,522,530,540,548,556,566,576,584,594,604,612,622,632,642,650,658,666,674,682,690,698,706,714,722,730,738,746,754,762,770,778,786,794,800,806,812,818,824,828,834,840,846,852,858,864,868,872,876,880,884,888,892,896,900,904,908,910,912,914,916,918,920,922,924,926,928,930,930,930,930,930,930,930,930,930,930,930,930,928,926,924,922,920,918,916,914,912,910,908,906,904,902,898,894,890,886,882,878,874,870,866,862,858,854,850,848,844,840,836,832,828,824,820,816,812,808,804,800,796,790,788,784,778,772,766,760,754,748,744,738,732,726,720,714,708,702,696,690,684,678,672,666,660,654,648,642,636,630,624,618,612,606,602,598,594,590,588,584,580,576,572,568,564,560,556,552,548,544,540,536,534,532,530,528,526,524,522,520,518,516,514,512,510,508,508,508,508,508,508,508,508,508,508,508,508,508,508,508,508,508,508,508,508,508,508,508,508
282,286,290,294,298,302,306,310,314,316,318,320,322,324,326,328,330,332,334,336,338,340,342,342,342,342,342,342,342,342,342,342,342,342,342,342,342,342,342,342,342,342,342,342,342,342,342,342,342,342,342,342,340,338,338,338,338,336,336,336,334,334,332,332,330,330,328,326,326,324,324,322,320,320,318,318,316,312,312,310,310,308,306,306,304,302,300,300,296,294,292,290,290,288,286,284,284,282,278,276,276,274,272,270,268,268,266,264,262,262,260,258,258,256,254,252,252,250,248,244,244,242,240,238,236,236,234,234,232,230,228,226,224,222,220,218,216,214,212,210,208,206,204,202,202,200,198,196,194,192,190,188,186,184,182,180,178,176,174,172,170,168,166,164,162,160,158,156,154,152,150,148,146,144,144,142,140,138,136,136,134,132,132,130,128,128,126,126,124,122,122,120,120,118,118,116,116,114,114,112,112,110,110,110,108,108,108,106,106,106,106,106,104,104,104,104,104,104,104,104,104,104,104,104,104,104,104,104,104,104,104,104,104,104,104,104,104,104,104,104,104,104,104,104,104,104,104,104,104,104,104,106,106,106,106,104,104,104,104,104,104,104,104,104,104,104,104,104,104,102,102,102,102,102,102,102,102,102,102,102,102,100,100,100,100,100,100,100,100,98,98,98,98,98,98,98,98,98,98,96,96,96,96,96,96,96,96,94,94,94,94,94,94,94,94,92,92,92,92,92,92,90,90,90,90,90,90,88,88,88,88,88,86,86,86,86,84,84,84,84,82,82,82,82,82,80,80,80,80,80,78,78,78,78,76,76,76,76,74,74,74,74,72,72,72,72,70,70,70,68,68,68,66,66,66,64,64,64,62,62,62,60,60,60,60,58,58,58,58,56,56,56,54,54,54,52,52,50,50,50,48,48,46,46,46,46,46,46,46,46,46,46,46,46,46,46,46,46,46,46,46,46,46,46,46,46,46,46,46,46,46,46,46,46,46,46,46,46,46,46,46,46,46,46,46,46,46,46,46,46,46,46,46,46,46,46,46,46,46,46,46,46,46,46,46,48,50,52,54,56,58,60,62,64,66,68,70,72,74,76,78,80,82,84,86,88,90,94,98,102,106,110,114,118,122,126,130,134,138,142,146,150,156,160,166,172,178,184,190,196,202,208,214,220,226,232,240,248,256,264,272,280,288,296,304,312,318,326,334,342,352,362,372,382,392,402,412,422,432,442,452,462,472,482,490,500,512,524,536,548,560,572,584,596,608,620,632,642,654,666,678,690,702,714,726,738,750,762,774,786,798,810,822,834,846,858,870,882,894,906,916,926,936,946,954,964,974,984,994,1004,1012,1020,1028,1036,1044,1052,1060,1068,1074,1080,1086,1092,1098,1106,1110,1114,1118,1124,1128,1132,1136,1138,1140,1142,1144,1144,1146,1146,1146,1146,1146,1146,1146,1144,1144,1142,1140,1138,1136,1132,1128,1124,1120,1116,1112,1108,1102,1096,1090,1084,1078,1072,1066,1058,1050,1042,1034,1026,1018,1010,1002,994,986,978,968,958,948,940,930,920,910,900,890,880,870,860,850,840,830,820,810,800,790,780,770,760,750,742,732,722,712,702,692,682,672,662,652,642,632,622,612,602,592,582,572,562,552,546,538,530,522,514,506,498,490,482,474,466,458,450,442,434,426,418,412,406,400,394,388,382,376,370,364,358,354,348,342,336,330,324,318,314,310,306,302,298,294,290,286,280,276,274,270,264,260,256,252,248,244,240,238,236,234,232,230,228,226,224,222,220,218,216,212,210,208,208,206,204,202,200,198,196,194,192,190,188,188,188,188,188,188,188,188,188,188,188,188,188,188,188,188,188,188,190,190,190,190,190,190,190,190,190,190,190,190,190,190,190,192,192,192,192,192,192,192,192,192,192,192,192,192,192,192,192,192,192,192
240,244,248,252,256,260,262,264,266,268,270,272,274,276,278,280,282,284,286,288,288,288,288,288,288,288,288,288,288,288,288,288,288,288,288,288,288,288,288,288,288,288,288,288,286,286,286,286,284,284,284,282,282,280,280,280,278,278,276,276,274,274,272,272,270,270,268,268,268,266,266,264,264,264,262,262,262,260,260,258,258,256,256,254,254,254,252,252,250,250,248,248,246,246,244,242,242,240,240,238,238,236,234,234,232,232,230,226,226,224,224,222,220,218,218,216,214,212,212,210,208,206,204,202,202,200,198,196,194,192,190,188,186,184,182,180,178,176,174,172,170,168,166,164,162,160,158,156,154,152,150,148,146,144,142,140,138,138,136,134,132,130,130,128,126,126,124,122,122,120,120,118,116,116,114,114,112,112,110,110,108,108,106,106,104,104,102,102,102,100,100,100,100,100,100,100,100,100,100,100,100,100,100,100,100,100,100,100,100,100,100,100,100,100,100,100,100,100,100,100,100,100,100,100,100,100,100,100,100,100,100,100,100,100,100,100,100,100,100,100,100,100,100,100,100,100,100,100,100,100,100,100,100,100,100,100,100,100,100,100,100,100,100,100,100,100,100,100,100,100,100,100,100,100,100,100,100,100,100,100,98,98,98,98,96,96,96,96,94,94,94,92,92,92,90,90,90,88,88,86,86,86,84,84,82,82,80,80,78,78,76,76,74,74,72,72,70,70,68,66,66,64,64,62,60,60,58,56,56,54,52,50,52,52,52,52,52,52,52,52,52,52,52,52,52,52,52,52,52,52,52,52,52,52,52,52,52,52,52,52,52,52,54,54,54,54,54,54,54,56,58,60,62,64,66,68,70,72,74,76,78,80,82,84,86,88,90,94,98,102,106,110,114,116,120,124,128,132,138,144,150,156,160,166,172,178,184,190,196,204,212,220,228,236,244,252,260,268,278,288,298,308,318,328,338,348,356,368,380,392,404,416,428,440,452,464,478,492,506,520,534,548,560,574,588,602,618,634,650,666,682,698,714,730,746,760,776,792,808,824,840,856,872,888,904,920,936,950,968,984,1002,1020,1036,1052,1068,1084,1100,1116,1132,1148,1164,1180,1196,1212,1228,1244,1260,1276,1292,1306,1320,1336,1350,1364,1378,1392,1406,1418,1430,1442,1456,1468,1480,1492,1502,1512,1522,1532,1540,1550,1558,1566,1574,1582,1590,1596,1602,1608,1614,1620,1624,1628,1632,1636,1640,1642,1644,1646,1648,1648,1648,1648,1648,1646,1644,1642,1640,1638,1634,1630,1626,1622,1616,1610,1604,1598,1592,1584,1576,1568,1560,1552,1542,1532,1522,1512,1502,1490,1478,1466,1454,1440,1428,1414,1400,1386,1372,1358,1342,1328,1312,1296,1280,1264,1248,1232,1216,1200,1184,1168,1152,1136,1120,1104,1086,1070,1054,1036,1022,1006,990,974,958,942,926,910,896,880,864,848,832,816,800,784,768,752,736,720,706,690,674,658,644,630,616,602,588,574,560,546,532,518,506,492,480,468,456,444,432,420,408,396,384,374,364,354,344,334,324,314,306,296,286,278,270,262,254,246,238,230,222,214,208,202,196,190,184,178,172,166,160,154,148,144,140,136,132,128,124,120,118,114,110,106,102,100,98,96,94,92,90,88,86,84,82,80,78,76,74,72,72,72,72,72,72,72,72,72,72,72,72,72,72,72,72,72,72,72,72,72,72,72,72,72,72,72,72,72,72,72,72,72,72,72,72,72,72,72,72,72,72,72,72,72,74,74,74,74,74,74,74,74,76,76,76,76,76,78,78,78,78,78,80,80,80,82,82,82,82,84,84,84,84,86,86,86,88,88,88,90,90,90,92,92,94,94,94,96,96,98,98,100,100,102,102,104,104,106,106,108,108,110,110,112,112,114,114,116,116,118,118,118,118,118,120,120,120,122,122,122,124,124,124,124,124,126,126,126,126,126,126,126,126,126,126,128,128
278,282,286,290,294,298,302,306,308,310,312,314,316,318,320,322,324,326,328,330,332,332,332,332,332,332,332,332,332,332,332,332,332,332,332,332,332,332,332,332,332,332,332,332,332,332,332,332,330,330,330,330,328,328,326,326,326,324,324,322,320,320,318,318,316,316,314,312,312,310,308,308,306,304,302,302,300,298,296,296,294,292,290,288,286,284,282,280,280,278,276,274,272,270,268,266,264,262,260,258,256,256,254,252,250,248,246,244,242,240,238,236,234,232,230,228,226,224,222,220,218,216,214,212,210,208,206,204,202,200,198,196,194,192,190,188,186,184,182,180,178,176,174,172,170,168,166,164,162,160,158,156,154,152,150,148,146,144,142,140,138,136,134,132,130,128,126,124,122,120,118,116,114,112,112,110,108,106,106,104,102,102,100,98,98,96,96,96,94,94,92,92,92,90,90,90,88,88,88,88,88,86,86,86,86,86,86,86,86,84,84,84,84,84,84,84,84,84,84,82,82,82,82,82,82,82,82,82,80,80,80,80,80,80,80,80,78,78,78,78,78,78,76,76,76,76,76,76,74,74,74,74,72,72,72,72,70,70,70,70,68,68,68,66,66,66,64,64,64,62,62,62,62,62,62,62,62,62,62,62,62,62,62,62,62,62,62,62,62,62,62,62,62,62,62,62,62,62,62,62,62,62,62,62,62,62,62,62,62,62,62,62,62,62,62,62,60,60,62,64,66,68,70,72,74,76,78,80,82,84,86,88,90,94,98,102,106,110,114,118,122,126,130,134,138,144,150,156,162,168,174,180,186,192,200,208,216,224,232,240,248,258,268,278,288,298,308,316,326,340,352,362,374,386,398,410,424,438,452,466,480,494,510,526,542,558,574,590,606,624,642,660,678,696,714,732,750,770,790,810,830,850,870,890,910,930,950,970,992,1014,1036,1058,1080,1102,1124,1146,1168,1190,1212,1234,1256,1278,1300,1322,1344,1366,1386,1408,1430,1452,1474,1496,1518,1540,1562,1582,1604,1626,1648,1670,1692,1714,1734,1754,1774,1792,1812,1832,1852,1872,1890,1908,1926,1944,1962,1978,1996,2012,2028,2044,2060,2076,2090,2102,2116,2130,2144,2154,2166,2178,2190,2198,2208,2218,2228,2234,2242,2250,2258,2262,2268,2274,2278,2282,2284,2288,2290,2292,2294,2294,2296,2296,2294,2292,2292,2290,2286,2282,2278,2274,2268,2262,2254,2248,2240,2232,2222,2212,2204,2194,2182,2170,2158,2146,2132,2120,2106,2092,2076,2060,2044,2028,2012,1994,1976,1958,1940,1924,1904,1884,1864,1844,1824,1804,1784,1762,1740,1720,1698,1676,1654,1632,1610,1588,1566,1544,1524,1502,1480,1458,1436,1414,1390,1366,1342,1318,1294,1270,1246,1222,1198,1174,1152,1130,1108,1086,1064,1042,1020,998,976,954,932,910,888,868,848,828,808,788,766,746,726,708,690,672,656,638,620,602,586,570,554,538,522,508,492,476,462,448,434,420,406,392,380,368,356,344,332,320,310,300,290,280,270,260,250,240,232,224,216,208,200,192,184,178,172,166,160,154,148,142,136,130,126,122,118,116,112,108,104,100,96,94,92,90,88,86,84,82,80,78,76,74,72,70,70,70,70,70,70,70,70,70,70,70,70,70,70,70,70,70,70,70,70,70,70,70,70,70,70,70,70,72,72,72,72,72,72,72,72,74,74,74,76,76,76,76,76,76,76,78,78,78,80,80,80,82,82,84,84,84,86,86,88,88,90,90,90,92,92,94,94,94,96,96,96,96,98,98,98,100,100,100,102,102,104,104,104,106,106,106,108,108,110,110,110,112,112,112,114,114,114,114,116,116,116,116,116,118,118,118,118,120,120,120,122,122,122,122,124,124,124,124,126,124,124,126,126,126,126,128,128,128,128,130,130,130,130,130,132,132,132,132,132,132,134,134,134,134,134,136,136,136,136,136,136,136,136,136,136,136,136,138,138,138,138,138,138,138,138,138,138,138,138,138,138
272,276,280,284,288,292,296,300,302,304,306,308,310,312,314,316,318,320,322,324,326,326,326,326,326,326,326,326,326,326,326,326,326,326,326,324,324,324,324,324,324,324,324,324,324,324,324,324,322,322,322,320,318,318,316,316,314,314,312,312,310,310,308,308,306,306,304,304,302,300,300,298,298,296,294,294,292,292,290,288,288,286,284,282,280,276,276,274,272,270,268,264,262,260,258,256,254,252,250,248,246,244,242,240,238,236,236,234,232,230,228,226,224,222,220,218,216,214,212,210,208,206,204,202,200,198,196,194,192,190,188,186,184,184,182,180,178,176,174,174,172,170,168,166,166,164,162,160,160,158,156,154,152,152,150,148,148,146,144,142,142,140,138,138,136,134,134,132,130,130,128,126,126,124,124,122,122,120,120,118,118,116,116,116,114,114,112,112,112,110,110,110,110,108,108,108,108,108,108,106,106,106,106,106,106,106,106,104,106,106,106,106,106,106,106,106,106,106,104,104,104,104,104,104,104,104,104,102,102,102,102,102,102,100,100,100,100,98,98,98,98,96,96,96,94,94,94,94,92,92,92,90,90,90,88,88,86,86,86,84,84,84,82,82,82,82,82,82,82,82,82,82,82,82,82,82,82,82,82,82,82,82,82,82,82,82,82,82,82,82,82,82,82,82,82,82,82,82,82,82,82,82,82,82,82,82,82,82,82,82,82,82,82,82,82,82,82,82,82,82,82,82,82,82,82,82,82,82,82,82,82,82,84,86,88,90,92,94,96,98,100,102,104,106,108,110,112,114,116,118,118,122,126,130,134,138,142,146,150,154,158,162,166,170,174,178,184,190,196,202,208,214,220,226,232,236,242,248,254,260,268,276,284,292,300,308,316,324,332,340,348,356,364,372,382,392,402,412,422,432,442,452,462,472,482,492,502,512,522,532,542,552,562,572,582,592,600,610,620,632,642,652,664,674,686,696,708,720,732,744,756,768,780,790,802,814,826,838,848,858,868,878,888,898,908,918,928,938,948,958,968,978,988,996,1006,1014,1022,1030,1038,1046,1054,1062,1070,1078,1086,1092,1098,1104,1110,1116,1122,1128,1134,1140,1144,1148,1152,1154,1158,1162,1166,1170,1174,1176,1178,1180,1182,1184,1186,1188,1190,1190,1190,1192,1192,1192,1192,1192,1192,1192,1192,1190,1188,1186,1184,1182,1182,1180,1178,1176,1172,1168,1164,1160,1156,1152,1148,1144,1140,1136,1132,1126,1120,1114,1108,1104,1098,1092,1086,1080,1074,1068,1062,1056,1050,1044,1036,1028,1020,1012,1004,996,988,980,972,964,956,948,940,932,924,916,908,900,892,884,876,868,860,852,844,836,828,818,810,802,794,786,778,766,758,750,740,732,724,716,708,700,692,682,674,666,658,650,644,636,628,620,612,606,598,590,582,574,566,558,552,544,536,528,520,512,504,496,488,480,472,464,456,448,440,432,424,416,408,400,392,384,376,370,364,358,354,348,342,336,330,324,318,312,306,300,294,288,282,276,270,264,258,254,250,246,242,238,234,230,226,222,218,214,210,206,202,198,194,190,186,184,182,180,178,176,174,172,170,168,166,164,162,160,158,156,156,154,152,150,148,146,144,142,138,136,136,136,136,136,136,136,136,136,136,136,136,136,136,136,136,136,136,136,136,136,136,136,136,136,136,136,138,138,140,142,144,146,148,150,152,154,156,158,160,162,164,166,168,170,172,174,176,178,180,182,184,186,188,190,192,194,196,198,200,202,204,206,208,210,212,214,216,218,220,222,224,226,228,230,232,234,236,238,240,242,244,246,248,250,252,254,256,258,260,262,264,266,268,270,272,274,276,278,280,282,284,286,288,290,292,294,296,298,300,302,304,306,308,310,312,314,316,318,320,320,322,324,326,328,330,332,332,334,336,336,338,338,340,340,342,342,342,344,344,344,344,344,344,344,346
280,284,288,292,296,300,304,308,312,316,320,322,324,326,328,330,332,334,336,338,340,342,344,346,348,348,348,348,348,348,348,348,346,346,346,346,346,346,346,346,346,346,346,346,346,346,346,346,346,346,346,346,346,346,346,346,346,346,344,342,342,342,340,340,340,338,338,338,336,336,336,334,334,334,330,330,328,328,326,326,326,324,322,322,320,320,318,316,314,312,312,310,308,306,304,302,300,298,296,294,292,290,288,286,284,282,280,278,276,274,272,270,268,266,264,262,260,258,256,254,252,250,248,246,244,242,240,238,236,234,232,230,228,226,224,222,220,218,216,214,212,210,208,206,204,202,200,198,196,196,194,192,190,188,186,184,182,180,178,176,174,172,170,168,166,164,162,160,158,156,156,154,152,150,148,146,144,142,142,140,138,136,136,134,132,132,130,128,128,126,126,124,124,122,122,120,120,118,118,116,116,114,114,112,112,112,110,110,108,106,106,106,104,104,104,104,102,102,102,100,100,100,100,98,98,98,98,98,98,96,96,96,96,96,96,96,96,96,96,96,94,94,94,94,94,94,94,94,94,92,92,92,92,92,92,92,92,90,90,90,90,90,90,88,88,88,88,88,88,86,86,86,86,86,84,84,84,84,82,82,82,82,80,80,80,80,78,78,78,78,78,78,76,76,76,74,74,74,74,74,74,74,74,74,74,74,74,74,74,74,74,74,74,74,74,74,74,74,74,74,74,74,74,74,74,74,74,74,74,74,74,74,74,74,74,74,74,74,74,74,74,74,74,74,74,74,74,74,74,74,74,74,74,74,74,74,74,74,74,74,74,74,74,74,74,74,74,74,74,74,74,74,74,74,74,74,74,74,74,74,74,74,74,74,74,74,74,74,74,74,74,74,74,74,74,74,74,74,74,74,74,74,76,78,80,82,84,86,88,90,92,94,96,98,100,102,104,106,108,110,112,114,116,118,120,122,124,126,128,130,132,134,138,142,146,150,154,156,160,164,168,172,176,180,184,188,192,196,200,204,208,212,216,220,224,228,232,236,240,244,248,252,256,260,264,268,272,276,280,284,288,292,296,302,306,310,314,318,324,328,334,338,342,348,352,356,362,366,372,376,382,388,394,400,406,412,418,424,430,436,440,444,448,452,456,460,464,468,472,476,480,484,488,492,496,500,504,508,512,516,520,524,526,528,530,532,534,536,538,540,542,544,546,548,550,552,552,554,554,554,554,554,554,554,554,554,554,554,554,554,556,556,556,554,552,550,548,546,544,542,540,538,536,534,532,530,528,526,524,522,520,518,516,514,512,510,508,506,502,500,498,496,492,490,486,484,480,476,474,470,466,462,458,454,450,446,442,438,434,432,428,424,420,416,412,408,404,400,398,396,394,392,390,388,386,384,382,380,378,376,374,372,370,368,366,364,362,360,358,356,354,352,350,348,346,344,342,340,338,336,334,332,330,328,326,324,322,320,320,318,318,318,318,318,318,318,318,318,318,318,318,318,318,318,318,318,318,318,318,318,318,318,318,318,318,318,318,318,318,318,318,318,318,318,318,318,318,318,318,318,318,318,318,318,318,318,318,318,318,318,318,318,318,318,318,318,318,318,318,318,316,316,316,316,316,314,314,314,312,312,310,310,308,308,306,306,304,302,300,298,296,294,292,290,288,286,284,282,280,278,276,274,272,270,268,266,264,262,260,258,256,254,252,250,248,246,244,242,240,240,238,236,234,232,230,228,226,224,222,220,218,216,214,212,210,208,206,204,202,200,198,196,196,196,196,196,196,196,198,198,198,198,198,198,198,198,198,198,198,198,198,198,198,198,198,198,198,198,198,198,198,198,198,198,198,198,198,198,198,198,198,198,198,198,198,198,198
270,274,278,282,286,290,294,296,298,300,302,304,306,308,310,312,314,316,318,320,322,324,324,324,324,324,324,324,324,324,324,324,324,324,324,324,324,324,322,322,322,322,322,322,322,322,322,322,322,322,322,322,322,322,322,322,320,318,318,318,318,318,316,316,316,316,316,314,314,314,312,312,312,310,310,310,310,308,308,308,308,306,304,304,304,302,302,302,300,300,300,296,296,296,294,294,292,292,290,290,288,288,286,286,284,282,282,280,278,278,276,274,274,272,270,270,268,266,264,262,262,260,258,256,254,252,250,248,246,244,242,240,238,236,234,232,232,230,228,226,224,222,220,218,216,214,212,210,208,206,204,202,202,200,198,196,194,192,190,188,186,184,182,180,180,178,176,174,172,170,168,166,164,164,162,160,158,156,154,152,150,150,148,146,144,142,140,140,138,136,134,132,130,130,128,126,126,124,122,122,120,118,118,116,116,114,114,112,112,110,110,108,108,108,106,106,104,104,104,102,102,102,100,100,100,100,98,98,98,98,98,98,98,96,96,96,96,96,96,96,96,96,94,94,94,94,94,94,94,94,92,92,92,92,92,92,90,90,90,90,90,90,88,88,88,88,86,86,86,86,86,86,86,86,86,86,86,86,86,86,86,86,86,86,86,86,86,86,86,86,86,86,86,86,86,86,86,86,86,86,86,86,86,86,86,86,86,86,86,86,86,86,86,86,86,86,86,86,84,84,84,84,84,84,84,84,84,84,84,84,84,84,84,84,84,84,84,84,84,84,84,84,84,84,84,84,84,84,84,84,84,84,84,84,84,84,84,84,84,84,84,84,84,84,84,84,84,84,84,84,84,84,84,84,84,84,86,86,86,86,86,86,88,88,88,88,88,88,88,88,88,88,88,88,88,88,88,88,90,90,90,90,90,90,90,90,90,92,92,92,92,92,94,94,94,94,94,94,94,96,98,100,102,104,106,108,110,112,114,116,118,120,122,124,126,128,130,132,134,136,138,140,142,144,146,148,150,152,154,156,158,160,162,164,166,168,172,176,180,184,188,192,196,200,204,208,212,216,220,224,228,232,236,240,244,248,252,256,260,264,268,272,274,280,286,292,298,304,310,316,322,328,334,340,346,352,358,364,370,376,382,388,394,400,406,412,418,424,430,436,442,448,454,460,466,472,476,482,488,494,500,506,512,518,524,530,536,542,548,554,560,566,572,578,584,590,594,600,606,612,618,624,630,636,642,648,654,660,664,668,672,676,680,684,688,692,696,700,704,708,710,714,718,722,726,730,734,738,742,746,748,750,752,754,756,758,760,762,764,766,768,770,772,774,776,778,780,780,780,780,780,780,780,780,780,780,780,780,780,780,780,778,776,774,772,770,768,766,764,762,760,758,754,750,746,742,738,734,730,726,722,718,714,710,708,704,698,692,686,680,674,668,662,656,650,644,638,632,626,620,614,608,602,596,590,584,578,572,566,560,552,544,536,528,520,512,506,498,490,482,474,466,458,450,442,434,426,418,410,402,394,386,378,370,362,354,348,342,336,330,324,318,314,308,302,296,290,284,278,272,266,260,254,248,242,236,232,228,224,220,216,212,208,204,200,196,192,188,184,180,176,172,168,164,160,156,152,150,148,146,144,142,140,138,136,134,132,130,128,126,124,122,120,118,118,116,114,112,110,108,106,104,102,100,98,96,94,92,90,88,86,86,86,86,86,86,86,86,86,86,86,86,86,86,86,86,86,86,86,86,86,86,86,86,86,86,86,86,86,86,86,86,86,86,86,86,86,86,86,86,86,86,86,86,86,86,86,88,88,88,88,88,88,88,90,90,90,90,90,90,90,90,90,90,90,90,90,92,92,92,92,92,92,92,92,92,92
268,272,276,278,280,282,284,286,288,290,292,294,296,298,300,302,304,306,306,306,306,306,306,306,306,306,306,306,304,304,304,304,304,304,304,304,304,304,304,304,304,304,304,302,302,302,302,302,302,300,300,300,300,298,296,296,294,294,292,292,292,290,290,286,286,284,284,282,282,280,280,278,276,274,274,272,272,270,270,268,266,266,266,262,262,260,260,258,258,258,256,256,252,252,252,252,250,250,250,248,248,248,248,244,244,244,244,242,242,242,240,240,240,240,238,238,238,236,236,234,234,234,232,232,230,230,230,228,228,226,226,224,224,222,222,220,220,218,218,216,214,214,212,210,210,208,206,206,204,202,202,200,198,196,196,196,194,192,190,188,188,186,184,182,180,178,176,174,172,172,170,168,166,164,162,160,158,158,156,154,152,150,148,148,146,144,142,140,140,138,136,136,134,132,132,130,130,128,128,126,124,124,122,122,120,120,118,118,116,116,114,114,114,112,112,110,110,110,108,108,108,108,106,106,106,106,104,104,104,104,102,102,102,102,100,100,100,100,100,98,98,98,98,98,96,96,96,96,96,94,94,94,94,90,90,90,90,90,90,90,90,90,90,90,90,90,90,90,90,90,90,90,90,90,90,90,90,90,90,90,90,90,90,90,90,90,90,90,90,90,90,90,90,90,90,90,90,90,90,90,90,90,90,90,90,90,90,90,90,90,90,90,90,90,90,90,90,90,92,92,92,92,92,92,92,92,92,92,92,92,92,92,92,92,92,92,92,92,92,92,92,92,92,92,92,92,92,94,94,94,94,94,94,96,98,100,102,104,106,108,110,112,114,116,118,120,122,126,128,130,132,134,136,138,140,142,144,146,150,152,154,154,156,158,160,162,164,166,168,170,172,174,176,178,180,182,184,186,188,190,192,194,196,200,202,204,206,208,212,214,216,220,222,224,228,230,232,236,238,242,244,246,250,252,254,258,260,262,266,268,272,274,276,280,282,284,286,290,292,294,296,298,302,304,306,308,310,312,314,316,318,320,322,324,326,328,330,332,334,336,338,340,342,344,346,350,352,356,360,364,368,372,376,380,384,388,392,396,400,404,408,412,416,420,424,428,432,436,440,444,448,452,456,460,464,468,472,476,480,484,488,492,496,500,504,508,510,514,518,522,526,530,534,538,542,546,550,554,556,558,560,560,562,564,566,568,570,572,574,576,578,580,582,584,586,584,584,584,584,584,584,584,584,584,584,584,584,584,584,584,584,582,582,582,582,582,582,582,582,582,582,580,578,576,574,572,570,568,566,564,562,560,558,556,554,552,550,548,546,544,542,540,538,536,534,532,530,528,526,524,522,520,518,516,514,512,510,508,506,504,502,500,498,496,494,492,490,488,486,484,482,480,478,476,474,474,472,470,468,466,464,462,460,458,456,454,452,450,448,446,444,442,440,440,438,436,434,432,430,428,426,424,422,420,418,416,414,412,410,410,408,406,404,402,400,398,396,394,392,390,388,388,386,384,382,380,378,376,374,372,370,370,368,366,364,362,360,358,358,356,354,352,350,348,346,346,344,342,340,338,336,336,334,332,330,330,328,326,324,324,324,322,322,320,320,318,318,318,316,316,314,314,314,312,312,312,312,310,310,310,310,308,308,308,308,308,306,306,308,308,308,308,306,306,306,306,306,304,304,304,304,302,302,302,300,300,300,298,298,296,296,296,294,294,292,292,290,288,286,284,282,280,278,276,274,272,270,268,266,264,262,260,258,256,254,252,250,248,246,244,242,240,238,236,234,232,230,228,226,224,222,220,218,218,218,218,218,218,218,218,218,218,218,218,218,218,218,218,218,218,218,218,218,218,218,218,218,218,218,218,218,218,218,218,218,218,218
242,246,250,254,258,262,266,270,272,274,276,278,280,282,284,286,288,290,292,294,296,298,300,300,300,300,300,300,300,300,300,300,300,300,300,300,300,300,300,300,300,300,300,300,300,300,300,300,300,300,300,300,300,298,298,296,296,296,296,294,294,294,294,292,292,292,290,290,290,288,288,288,286,286,286,286,284,284,282,282,280,278,276,274,272,270,268,266,264,262,260,258,256,254,252,250,248,244,242,240,238,236,234,232,230,228,226,224,222,220,216,214,214,212,210,208,206,204,202,200,198,196,194,192,190,188,186,184,182,180,178,176,174,172,170,168,166,164,162,160,158,156,154,152,150,148,146,144,142,140,138,136,134,132,130,128,126,124,122,120,118,118,116,114,112,110,108,106,104,102,100,98,96,96,96,96,96,96,96,96,96,96,96,96,96,96,96,96,96,96,96,96,98,100,102,104,106,108,110,112,114,116,118,118,120,124,128,132,136,140,144,148,152,156,160,164,170,176,182,188,194,200,206,212,218,224,232,240,248,256,264,272,280,288,296,306,314,324,334,344,354,364,374,384,394,406,418,430,442,454,466,478,490,502,512,524,536,550,564,578,592,606,620,634,648,662,674,688,702,716,730,744,758,772,786,798,812,828,840,854,868,882,896,910,924,938,952,966,980,994,1008,1022,1036,1050,1064,1078,1090,1102,1112,1124,1136,1148,1160,1172,1184,1196,1206,1216,1226,1236,1246,1256,1266,1274,1282,1290,1298,1304,1312,1318,1324,1330,1336,1342,1348,1352,1356,1360,1364,1368,1370,1372,1374,1376,1378,1378,1378,1378,1378,1378,1376,1374,1372,1370,1368,1364,1360,1356,1352,1346,1340,1334,1328,1322,1316,1308,1302,1294,1286,1278,1268,1258,1248,1238,1228,1218,1206,1194,1182,1170,1158,1146,1134,1122,1108,1096,1082,1068,1054,1040,1026,1012,998,984,970,956,942,928,914,902,886,872,858,842,828,812,796,780,766,752,738,724,710,696,682,670,656,642,628,614,600,586,572,558,544,532,520,508,496,484,474,462,450,438,426,414,404,394,384,374,364,354,344,334,324,316,308,300,292,284,276,270,262,254,248,242,236,230,224,218,212,206,200,194,190,186,182,178,174,170,166,162,158,154,152,150,148,146,144,142,140,138,136,134,132,132,132,132,132,132,132,132,132,132,132,132,132,132,132,132,132,132,132,132,132,132,132,132,132,132,132,132,132,134,134,134,136,136,138,138,140,142,142,144,146,146,148,150,152,152,154,156,158,160,162,162,164,166,168,170,172,172,174,176,178,180,180,182,184,186,188,188,190,192,194,194,196,198,200,200,202,204,204,206,208,208,210,212,212,214,216,216,218,220,220,222,222,224,226,226,228,228,230,230,230,232,232,234,234,234,236,236,236,236,238,238,238,238,238,238,238,238,238,238,238,238,238,238,238,238,238,238,238,240,242,244,246,248,250,252,254,256,258,260,262,264,266,268,270,272,274,276,278,280,282,284,286,288,290,292,294,296,298,300,302,304,306,308,310,312,314,316,318,320,322,326,328,330,332,334,338,340,342,344,348,350,354,356,360,362,364,366,368,370,372,374,376,378,380,382,384,386,388,390,392,394,396,398,400,402,404,406,408,410,412,414,416,418,420,422,424,426,428,430,432,434,434,434,434,434,434,434,434,434,434,434,434,434,434,434,434,434,434,434,434,434,434,434,434,434,434,434,434,434,434,434,434,434,434,434,434,434,434,432,432,432,430,430,428,426,424,422,420,418,416,414,412,410,408,406,404,402,400,398,396,394,392,390,388,386,384,382,380,378,376,374,372,370,368,366,364,362,360,358,356,354,352,350,348,346,344,342,340,338,336,334,332,332,332,332,332,332,332,332,332,332,332,332,332,332,332,332,332,332,332,332,332,332,332,332,332,332,332,332,332,332,332,332,332,332,332,332,332,332,332,332,332
236,240,244,246,248,250,252,254,256,258,260,262,264,266,268,270,272,274,274,274,274,274,274,274,274,274,274,274,274,274,274,274,274,274,274,274,274,274,274,274,274,274,272,272,272,270,270,270,268,266,264,262,260,258,256,254,252,250,248,246,244,242,240,238,236,234,232,230,228,226,224,222,222,222,222,222,222,222,222,222,222,222,222,222,222,222,222,222,222,224,226,228,230,232,234,236,238,240,242,246,250,254,258,262,266,270,274,278,284,290,296,302,308,314,320,328,336,344,352,360,368,378,388,396,408,418,430,442,454,466,478,494,508,522,536,550,564,580,596,614,630,648,666,684,702,720,740,760,782,802,822,844,866,888,910,932,954,978,1002,1026,1052,1076,1102,1128,1154,1180,1206,1232,1258,1284,1312,1340,1368,1396,1424,1452,1482,1510,1538,1566,1594,1622,1650,1678,1708,1738,1768,1798,1826,1856,1886,1916,1946,1976,2002,2030,2058,2086,2114,2142,2168,2196,2224,2250,2276,2302,2326,2352,2378,2400,2424,2448,2472,2494,2516,2538,2558,2580,2600,2618,2638,2656,2674,2690,2708,2724,2738,2754,2768,2780,2794,2804,2816,2826,2836,2844,2854,2862,2868,2874,2878,2884,2886,2890,2892,2892,2894,2892,2892,2890,2888,2886,2882,2880,2874,2868,2862,2854,2848,2838,2828,2818,2806,2794,2782,2768,2754,2740,2726,2710,2694,2676,2658,2640,2620,2600,2580,2558,2536,2514,2492,2468,2446,2420,2396,2372,2344,2318,2292,2266,2240,2214,2186,2158,2130,2104,2076,2048,2020,1994,1964,1934,1904,1874,1846,1816,1786,1756,1726,1696,1666,1638,1608,1578,1548,1518,1488,1460,1430,1400,1370,1342,1314,1286,1260,1232,1204,1176,1148,1120,1092,1066,1042,1016,990,964,938,914,892,868,844,820,796,774,752,732,710,688,666,646,626,606,588,568,550,532,514,496,478,462,446,430,414,398,386,372,358,344,330,316,304,292,280,268,256,246,236,226,216,206,196,190,182,174,166,158,150,144,138,132,126,120,114,108,102,98,94,90,86,82,78,74,70,68,66,64,62,60,58,56,54,52,50,48,48,48,48,48,48,48,48,48,48,48,48,48,48,48,48,48,48,48,48,48,48,48,48,48,48,48,48,48,48,48,48,50,50,50,50,52,52,54,54,54,56,56,58,58,58,60,60,60,62,62,64,64,64,66,68,70,70,72,74,76,78,80,82,84,86,88,90,92,94,96,98,100,102,104,106,108,110,112,114,116,118,120,122,124,126,128,130,132,134,136,138,140,142,144,146,148,150,152,154,156,156,158,160,162,164,166,168,170,172,174,176,178,180,182,184,186,188,190,192,194,196,198,200,202,204,206,208,210,212,214,216,218,220,222,224,226,228,230,232,234,236,238,240,242,244,246,248,250,250,252,254,256,258,260,262,262,264,266,268,268,270,270,272,272,274,274,276,276,278,278,280,280,280,282,282,284,284,284,284,286,286,286,288,288,288,288,288,290,290,290,290,290,292,292,292,292,292,294,294,294,294,296,296,296,298,298,298,298,300,300,300,302,302,302,304,304,306,306,306,308,310,312,314,314,316,318,320,322,324,326,328,330,332,334,336,338,340,342,344,346,348,350,352,354,356,358,360,362,364,366,368,370,372,374,374,374,374,374,374,374,374,374,374,374,374,374,374,374,374,374,374,374,374,374,374,372,370,368,366,364,362,360,358,356,354,352,350,348,346,344,342,340,338,336,334,332,330,328,326,324,322,320,318,316,314,312,310,308,304,302,300,298,296,292,290,286,284,280,278,276,274,272,270,268,266,264,262,260,258,256,254,252,250,248,246,244,242,240,238,236,234,232,230,228,226,224,222,220,218,216,214,212,210,208,206,204,202,200,198,198,198,198,198,198,198,198,198,198,198,198,198,198,198,198,198,198,198,198,198,198,198,198,198,198,198,198,198,198,198,198,198,198,198,198,198,198,198,198,198,198,198,198,198,198,198,198,198,198,198,198,198,198,198
160,162,164,164,164,164,164,164,164,164,164,164,164,164,164,164,164,164,164,164,164,164,164,162,160,158,156,154,152,150,148,146,144,142,140,138,136,136,134,134,134,134,134,134,134,134,134,134,134,134,136,140,142,144,146,148,154,158,162,166,170,176,184,190,196,202,210,218,228,236,246,256,266,278,290,304,318,332,346,360,376,392,408,426,446,466,486,506,528,550,574,598,622,648,674,702,732,760,790,820,852,884,918,952,988,1024,1062,1100,1138,1178,1218,1260,1302,1348,1392,1438,1484,1530,1578,1626,1676,1726,1778,1830,1882,1936,1990,2046,2102,2158,2216,2274,2332,2392,2452,2512,2574,2636,2700,2762,2826,2890,2954,3018,3082,3146,3212,3278,3344,3410,3474,3540,3606,3672,3738,3804,3870,3934,4000,4066,4132,4196,4258,4322,4386,4448,4510,4572,4634,4694,4754,4812,4872,4928,4986,5042,5098,5152,5204,5258,5308,5358,5408,5456,5502,5548,5594,5638,5680,5722,5762,5800,5840,5876,5912,5946,5980,6012,6042,6070,6098,6124,6150,6174,6196,6216,6236,6254,6272,6286,6300,6312,6322,6330,6338,6346,6350,6354,6358,6358,6356,6358,6358,6354,6350,6344,6338,6330,6320,6310,6298,6282,6268,6252,6232,6214,6194,6170,6146,6120,6094,6064,6036,6004,5974,5940,5906,5872,5834,5796,5756,5716,5674,5630,5588,5542,5498,5450,5402,5354,5304,5254,5202,5152,5098,5044,4990,4934,4878,4822,4768,4710,4652,4594,4536,4476,4416,4356,4296,4236,4176,4116,4058,3996,3938,3876,3814,3752,3690,3628,3568,3508,3448,3390,3330,3270,3210,3150,3090,3032,2974,2916,2858,2800,2744,2688,2632,2576,2520,2466,2412,2358,2304,2252,2200,2148,2098,2050,2000,1952,1904,1856,1810,1764,1718,1674,1630,1586,1544,1502,1460,1420,1380,1340,1302,1264,1226,1190,1154,1118,1084,1050,1020,988,956,926,898,868,840,812,786,760,734,708,682,660,636,612,590,568,546,526,508,488,468,450,432,414,396,380,364,348,332,318,306,292,278,264,252,240,228,216,204,194,184,174,164,156,148,140,132,124,116,108,100,94,88,82,76,70,64,58,54,50,46,42,40,36,32,30,26,24,22,20,20,18,18,18,18,16,18,18,18,18,18,18,20,20,20,20,20,20,20,20,20,20,20,20,20,20,20,20,20,20,20,18,20,20,22,22,24,24,26,26,28,28,30,32,34,34,36,38,42,42,46,50,52,56,60,62,68,72,76,80,84,88,92,96,100,104,108,112,118,124,130,136,142,148,154,158,166,172,178,184,190,194,204,212,220,228,234,242,252,260,268,274,284,296,306,314,324,336,346,354,364,376,388,398,410,424,434,446,458,470,484,498,512,526,540,554,568,582,596,612,628,642,658,674,690,706,722,738,754,770,788,806,824,840,858,876,894,912,930,948,966,984,1002,1020,1036,1054,1072,1090,1108,1128,1146,1164,1184,1204,1222,1240,1258,1276,1294,1312,1330,1348,1366,1384,1402,1420,1436,1454,1472,1490,1508,1524,1540,1556,1572,1586,1602,1618,1634,1650,1662,1676,1690,1702,1716,1730,1742,1752,1764,1776,1788,1798,1806,1816,1826,1834,1842,1850,1856,1862,1868,1874,1880,1884,1888,1892,1896,1898,1900,1902,1906,1906,1906,1906,1906,1904,1902,1900,1898,1896,1892,1888,1884,1880,1874,1868,1862,1856,1848,1840,1832,1824,1816,1806,1796,1786,1776,1766,1756,1744,1734,1722,1710,1698,1686,1672,1658,1644,1630,1616,1602,1588,1574,1558,1542,1528,1512,1496,1480,1464,1448,1432,1416,1400,1384,1366,1348,1332,1314,1296,1278,1260,1242,1224,1206,1188,1170,1152,1136,1118,1100,1082,1064,1046,1028,1010,992,974,956,940,922,904,886,870,854,838,822,806,790,774,758,744,728,712,698,684,670,656,642,628,614,602,590,578,566,554,542,530,518,510,500,490,480,470,460,450,442,434,426,418,410,402,394,388,382,376,370,364,358,352,348,344,342,338,334,330,326,322,320,318,316,314,314,312,310,308,306,304,304,304,304,304,304,304,304,304,304,304,304,304,304,304,304,304,304,304,304,304,304,304,304,304,304,304,304,304,306,306,306,306,308,308,308,310,310,310,310,312,312,312,314,314,314,314,316,316,316,316,316,316,316,316,318
208,210,212,214,216,218,220,222,224,226,228,230,232,234,236,238,240,240,240,240,240,240,240,240,240,240,240,240,240,240,240,240,240,240,240,240,240,240,240,240,240,240,236,236,236,236,234,234,232,232,230,228,228,226,224,224,222,220,218,216,212,210,208,206,204,202,200,200,200,200,200,200,198,198,198,198,198,198,198,198,198,198,196,198,200,204,206,208,210,212,214,216,220,224,228,234,236,242,246,252,258,264,270,276,282,290,298,308,314,324,332,342,352,362,372,382,394,406,420,432,446,460,474,488,504,520,536,552,568,586,604,622,640,660,680,700,720,742,762,784,806,830,854,878,902,928,952,978,1004,1030,1058,1086,1114,1140,1170,1200,1230,1260,1290,1318,1350,1380,1412,1444,1474,1506,1540,1572,1606,1640,1672,1706,1738,1772,1806,1838,1872,1906,1938,1972,2006,2038,2072,2104,2138,2172,2206,2240,2274,2308,2342,2378,2412,2446,2478,2510,2542,2574,2606,2638,2668,2698,2728,2758,2786,2814,2842,2870,2896,2922,2948,2972,2996,3018,3040,3062,3084,3104,3124,3142,3158,3176,3192,3206,3222,3236,3250,3260,3272,3282,3292,3300,3308,3316,3322,3326,3330,3334,3336,3338,3336,3336,3334,3332,3328,3322,3316,3310,3304,3296,3288,3278,3270,3258,3246,3232,3220,3204,3188,3172,3156,3138,3118,3098,3078,3056,3034,3012,2990,2966,2942,2916,2890,2864,2836,2808,2782,2754,2724,2694,2664,2634,2602,2570,2538,2506,2474,2442,2408,2374,2340,2306,2272,2238,2206,2172,2138,2104,2072,2038,2002,1966,1930,1896,1860,1824,1790,1756,1722,1690,1656,1622,1588,1554,1520,1488,1454,1422,1390,1358,1326,1296,1264,1234,1204,1174,1144,1114,1088,1060,1032,1004,976,950,924,900,874,850,826,802,778,754,732,710,688,668,648,628,608,588,570,552,534,516,498,482,466,450,434,422,408,394,380,366,354,342,330,318,308,298,288,278,268,258,248,240,232,224,218,210,202,194,188,182,176,170,164,158,154,148,144,140,136,132,128,124,120,116,112,110,108,106,104,102,100,98,96,94,92,90,88,88,88,88,88,88,88,88,88,88,88,88,88,88,88,88,88,88,90,92,94,96,98,100,102,104,106,108,110,112,114,116,118,120,122,124,126,128,132,136,140,144,148,152,156,160,164,168,172,176,180,184,188,194,198,204,210,216,222,228,234,240,246,252,258,264,270,278,286,294,302,310,318,326,334,342,350,358,366,374,382,392,400,410,420,430,440,450,460,470,480,490,500,510,520,530,540,550,560,568,578,588,598,608,618,628,638,648,658,668,678,688,698,708,718,728,738,748,756,764,772,780,788,796,804,812,820,828,836,844,852,858,864,870,876,882,886,892,898,904,908,912,916,920,924,928,932,932,934,936,938,940,942,944,946,946,946,946,948,948,948,948,948,946,944,942,940,938,936,934,932,928,924,920,916,912,908,904,900,896,892,886,880,874,868,862,856,850,844,838,832,826,820,814,808,802,796,790,786,780,774,768,760,754,748,742,736,728,720,712,704,696,688,680,672,664,656,648,640,632,624,616,608,600,592,586,578,570,562,554,546,538,530,522,514,506,498,490,484,478,472,466,460,454,448,442,436,430,424,418,412,406,400,394,388,382,376,370,364,358,354,350,346,342,336,332,328,324,320,316,314,310,306,302,298,294,290,286,280,276,274,270,268,266,264,262,260,258,256,254,252,250,248,246,244,242,240,238,236,234,232,230,228,226,224,222,220,218,216,214,212,210,208,206,204,202,200,198,196,194,192,190,188,186,184,182,180,178,176,174,172,170,170,168,166,164,162,160,160,160,160,160,160,160,160,160,160,160,160,160,160,160,160,160,160,160,160,160,160,160,160,160,160,160,160,160,160,160,160,160,160,160,160,160,160,160,160,160,160,160,160,160,160,160,160,160,160,160,160,160,160,160,160,160,160,160,160,160,160,160,160,160,160,160,160,160,160,160,160,160,160,160,160,160,160,160,160
252,256,260,264,268,272,276,280,282,284,286,288,290,292,294,296,298,300,302,304,306,308,310,310,310,310,310,308,308,308,308,308,308,308,308,308,308,308,308,308,308,308,308,308,308,308,308,306,304,302,300,298,296,294,292,290,288,286,284,282,280,278,276,276,274,272,270,268,266,264,262,260,258,256,254,252,250,248,246,244,242,240,238,236,234,232,230,228,226,224,222,220,218,216,214,212,210,208,206,202,200,198,196,194,192,188,186,184,182,180,176,174,172,170,168,166,164,162,160,158,156,154,152,150,148,146,144,142,140,138,136,134,132,130,128,126,124,122,120,118,118,116,114,112,110,108,106,104,102,100,98,96,94,92,90,88,86,84,82,80,78,76,74,72,70,68,66,64,62,60,60,60,60,60,60,60,60,60,60,60,60,60,60,60,60,60,60,60,60,62,64,66,68,70,72,74,76,78,80,82,84,88,92,96,100,104,108,112,116,120,124,130,136,142,148,154,160,166,172,178,186,194,202,210,218,226,234,244,254,264,274,284,294,304,314,326,338,350,362,374,388,398,414,428,442,456,470,482,496,512,528,544,560,576,592,608,626,644,662,678,696,714,732,750,770,790,810,830,850,868,888,908,928,950,972,994,1016,1038,1060,1080,1102,1124,1146,1168,1190,1212,1234,1256,1276,1298,1320,1342,1364,1386,1410,1432,1454,1474,1496,1518,1540,1562,1584,1606,1628,1650,1670,1692,1714,1736,1758,1780,1802,1824,1846,1864,1884,1904,1924,1944,1964,1984,2004,2022,2042,2060,2078,2094,2112,2130,2148,2166,2182,2198,2212,2228,2244,2260,2276,2290,2304,2318,2332,2346,2360,2372,2384,2396,2408,2418,2428,2438,2448,2458,2468,2478,2486,2494,2502,2510,2518,2524,2528,2534,2540,2546,2550,2554,2558,2562,2566,2568,2568,2570,2572,2572,2572,2572,2572,2572,2572,2570,2568,2566,2564,2562,2560,2556,2552,2548,2544,2540,2536,2530,2524,2518,2512,2506,2500,2494,2490,2482,2474,2466,2458,2450,2442,2434,2426,2418,2410,2400,2390,2380,2370,2360,2350,2340,2330,2320,2310,2300,2292,2282,2272,2262,2252,2242,2232,2222,2212,2202,2192,2182,2172,2162,2152,2140,2130,2120,2108,2098,2088,2078,2066,2056,2044,2032,2020,2008,1996,1984,1972,1960,1948,1936,1924,1912,1900,1890,1878,1866,1854,1842,1830,1818,1806,1794,1782,1770,1758,1746,1734,1722,1710,1698,1686,1676,1664,1652,1640,1628,1618,1606,1594,1582,1572,1560,1548,1538,1526,1514,1502,1492,1480,1468,1456,1446,1434,1422,1412,1400,1388,1380,1368,1358,1346,1334,1324,1312,1302,1290,1278,1268,1256,1244,1234,1222,1210,1200,1188,1176,1166,1154,1142,1130,1118,1106,1094,1082,1070,1058,1046,1034,1022,1010,998,986,974,962,950,940,928,916,904,894,884,874,864,854,844,834,824,814,804,794,784,774,764,754,746,736,726,716,706,696,686,678,670,662,654,646,638,630,622,614,606,598,590,582,574,566,558,552,544,536,530,524,518,512,506,500,494,488,482,476,470,464,458,452,446,440,434,430,426,422,418,414,410,406,402,398,394,390,386,382,378,374,370,366,362,358,354,352,348,344,340,336,330,326,322,318,314,312,306,302,300,296,292,288,284,280,278,274,270,268,264,260,258,254,250,248,244,240,238,236,234,232,230,228,226,224,222,220,218,216,214,212,210,208,206,204,202,200,198,196,194,192,190,188,186,184,182,180,178,176,174,172,170,170,168,166,164,162,160,158,156,154,152,150,148,146,144,142,140,138,136,134,134,132,130,128,126,126,124,122,120,118,116,114,114,114,114,114,114,114,114,114,114,114,114,114,114,114,114,114,114,114,114,114,114,114,114,114,114,114,114,114,114,114,114,114,114,114,114,114,114,114,114,114,114,114,114,114,114,114,114,114,114,114,114,114,114,114,114,114,114,114,114,114,114,114,114,114,114,114,114,114,114,114,114,114,114,114,114,114,114,114,114,114,114,114,114,114,114,114,114,114,114,114,114,114,114,114,114,114,114,114,114,114,114,114,114,114,114,114,114
246,248,250,252,254,256,258,260,262,264,266,268,270,272,274,276,276,276,276,276,276,276,276,276,276,276,276,276,276,276,276,276,276,276,276,276,276,276,276,276,274,274,274,274,272,272,270,270,268,268,266,264,262,262,260,260,258,258,256,254,254,252,252,250,248,248,244,244,242,242,240,240,238,238,236,236,234,234,232,230,230,228,228,228,226,226,226,222,222,224,224,222,222,222,220,220,220,218,218,218,218,216,216,216,214,214,212,212,210,210,210,208,208,206,204,204,202,202,200,200,198,196,196,194,194,192,190,188,188,186,184,182,182,180,178,176,174,172,172,170,168,166,164,162,160,158,156,154,152,150,148,146,144,142,142,140,138,136,134,132,130,128,126,124,122,120,118,116,114,112,110,108,106,104,102,100,100,98,96,94,92,90,88,86,84,82,80,78,78,76,74,72,70,68,66,64,62,62,60,58,56,54,52,52,50,48,46,44,42,42,40,38,36,34,34,32,30,28,26,26,24,24,22,22,20,18,18,16,14,12,12,12,12,12,12,12,12,12,12,12,12,12,12,12,12,12,12,12,12,12,12,12,12,12,12,14,14,14,16,16,18,20,22,24,26,28,30,32,34,38,38,40,44,48,54,58,62,66,70,74,78,82,88,94,100,106,112,118,124,130,138,146,154,162,170,178,186,196,206,216,226,236,246,256,268,280,292,304,316,328,342,356,370,384,398,412,428,442,458,474,490,508,526,544,562,580,598,618,636,656,676,696,718,740,762,784,806,826,850,874,898,922,946,970,994,1020,1044,1070,1096,1122,1148,1174,1200,1224,1252,1280,1308,1336,1364,1392,1420,1446,1474,1502,1530,1558,1586,1614,1640,1668,1696,1724,1752,1778,1806,1832,1858,1884,1910,1934,1960,1986,2012,2036,2060,2084,2106,2130,2152,2174,2196,2218,2238,2256,2276,2294,2312,2330,2348,2364,2378,2394,2408,2422,2434,2446,2456,2466,2476,2486,2492,2500,2506,2512,2518,2522,2528,2530,2532,2534,2534,2534,2532,2532,2530,2526,2522,2516,2510,2504,2496,2488,2482,2472,2462,2452,2442,2430,2418,2406,2392,2378,2362,2348,2332,2316,2298,2282,2264,2246,2228,2208,2188,2168,2150,2130,2108,2088,2066,2044,2024,2002,1980,1960,1938,1916,1894,1872,1850,1828,1808,1786,1764,1742,1720,1698,1676,1654,1632,1612,1590,1568,1546,1524,1502,1482,1462,1442,1422,1404,1384,1364,1344,1324,1306,1288,1270,1252,1234,1216,1198,1182,1168,1152,1136,1120,1104,1090,1076,1062,1048,1034,1020,1008,994,982,970,958,948,938,928,918,908,898,890,882,874,866,858,850,840,834,828,822,816,810,804,798,792,788,784,780,776,772,768,762,758,756,754,752,748,746,744,742,740,738,734,732,730,728,726,722,720,718,716,714,712,710,708,706,704,702,700,698,696,694,692,690,688,686,684,682,680,678,676,674,672,670,668,666,664,662,660,658,656,654,652,650,648,644,640,636,632,630,626,622,618,614,610,606,602,598,594,590,586,582,578,574,570,566,562,558,554,550,546,542,538,534,530,526,522,518,512,508,504,500,494,490,484,480,474,470,464,460,454,448,444,438,434,428,422,416,410,404,398,394,390,386,382,378,374,370,366,362,358,354,350,346,342,338,334,330,326,322,318,314,310,306,302,298,296,294,292,290,288,286,284,282,280,278,276,274,272,270,268,266,264,262,260,258,256,254,252,250,248,246,244,242,240,238,236,236,234,232,230,228,228,226,224,222,222,220,218,218,216,214,214,212,212,210,210,208,208,206,206,204,204,202,202,202,200,200,198,198,198,196,196,196,194,194,194,192,192,190,190,190,188,188,186,186,184,184,184,182,182,180,178,178,176,176,174,174,172,170,170,168,168,166,166,166,166,166,166,166,166,166,166,166,166,166,166,166,166,166,166,166,166,166,166,166,166,166,166,166,166,166,166,166,166,166,166,166,166,166,166,166,166,166,166,166,166,166,166,166,166,166,166
236,240,244,246,248,250,252,254,256,258,260,262,264,266,268,270,272,274,274,274,272,272,272,272,272,272,272,272,272,272,272,272,272,272,272,272,272,272,270,270,270,270,270,270,268,268,268,268,268,268,268,266,266,266,264,264,262,262,260,260,258,258,258,256,256,256,254,254,252,250,250,248,248,246,246,246,244,244,242,242,242,240,240,238,238,236,236,236,236,234,234,232,232,230,230,228,228,226,226,224,224,224,222,222,220,220,218,218,216,216,214,214,212,212,210,210,208,208,206,204,204,202,200,200,198,196,196,194,192,190,190,188,186,184,182,182,180,178,176,174,172,170,168,166,164,162,160,158,156,154,152,150,148,146,144,142,140,140,138,136,134,132,130,130,128,126,124,124,122,120,120,118,116,114,114,112,110,110,108,108,106,104,104,102,100,100,98,98,96,96,94,94,92,92,90,90,88,88,86,86,84,84,84,82,82,82,80,80,80,78,78,78,78,76,76,76,76,74,74,74,74,72,72,72,72,70,70,70,68,68,68,68,66,66,64,64,64,62,62,62,60,60,58,58,58,56,56,54,54,52,52,50,50,48,48,46,46,44,42,42,40,38,38,36,34,34,32,30,30,28,26,24,22,22,22,22,22,22,24,24,24,24,24,24,24,24,24,24,24,24,24,24,24,24,24,24,24,24,24,24,24,26,28,30,32,34,36,38,38,40,42,44,46,48,52,56,60,64,68,72,76,80,84,88,94,100,106,112,118,124,130,136,144,152,160,168,176,184,194,204,214,224,234,244,254,266,278,290,302,314,326,340,354,368,382,396,412,428,444,460,474,492,510,526,546,562,580,598,618,638,658,678,698,718,738,760,782,804,826,848,870,892,916,940,964,986,1012,1034,1058,1082,1106,1130,1154,1178,1202,1226,1250,1274,1300,1326,1352,1378,1404,1430,1458,1484,1508,1536,1562,1584,1608,1632,1656,1680,1704,1728,1752,1774,1798,1820,1842,1864,1886,1908,1930,1952,1972,1990,2010,2030,2050,2070,2088,2104,2122,2140,2154,2170,2186,2202,2216,2230,2244,2256,2270,2282,2294,2304,2314,2324,2334,2342,2350,2358,2366,2372,2378,2384,2390,2394,2398,2402,2406,2410,2412,2414,2418,2418,2418,2418,2418,2418,2416,2414,2412,2408,2406,2402,2398,2394,2390,2384,2378,2372,2366,2360,2352,2344,2336,2330,2322,2314,2304,2294,2284,2274,2264,2254,2244,2234,2222,2210,2198,2186,2174,2164,2152,2140,2128,2116,2104,2092,2080,2068,2056,2044,2032,2020,2008,1996,1984,1972,1962,1950,1938,1924,1912,1900,1886,1874,1860,1846,1832,1818,1804,1790,1776,1762,1748,1734,1720,1706,1694,1678,1664,1652,1636,1622,1610,1594,1580,1568,1552,1538,1526,1510,1496,1484,1468,1456,1440,1426,1414,1398,1384,1370,1356,1342,1328,1314,1300,1286,1272,1258,1244,1230,1216,1202,1188,1174,1160,1144,1132,1116,1104,1088,1074,1060,1046,1032,1018,1004,990,978,964,950,936,922,908,894,880,866,852,838,826,814,802,790,780,768,756,744,732,720,708,696,684,672,660,648,636,624,612,600,590,578,568,558,548,538,528,518,508,498,488,478,468,458,448,438,428,418,410,402,394,386,378,370,362,354,346,338,330,322,314,306,298,290,284,278,272,266,260,254,248,244,238,232,226,220,214,208,204,200,196,192,188,184,180,176,172,168,164,160,156,154,152,150,148,146,144,142,140,138,136,134,132,130,128,126,124,122,122,122,122,122,122,122,122,122,122,122,122,122,122,122,122,122,122,122,122,122,122,122,122,122,122,122,122,122,122,122,122,122,124,124,124,124,124,124,126,126,126,128,128,128,130,130,132,132,134,134,134,136,136,138,138,140,140,142,142,144,146,146,148,148,150,152,152,154,156,156,156,158,158,160,162,162,164,164,166,166,168,168,170,170,172,172,172,174,174,174,176,176,176,176,176,178,178,178,178,178,178,178,178,178,178,178,180,180,180,180,180,180,180,180,180,180,180,180,180,180,180,180,180,180,180
284,288,292,296,300,304,308,312,316,318,320,322,324,326,328,330,332,334,336,338,340,342,342,342,342,342,342,342,342,342,342,342,342,342,342,342,342,342,342,342,342,342,342,342,342,342,340,340,340,340,340,338,338,338,336,336,334,334,332,332,330,330,328,328,326,326,324,324,322,320,320,318,318,316,316,314,314,312,312,310,310,308,308,306,306,304,304,302,302,300,300,298,296,296,294,294,292,290,290,288,286,284,284,282,280,278,278,276,274,272,270,268,266,264,262,260,258,256,254,254,252,250,248,246,244,242,240,238,236,236,234,232,230,228,226,224,222,220,218,216,214,212,210,208,208,206,204,202,200,198,196,194,192,190,188,186,186,184,182,180,178,176,176,174,172,170,168,168,166,164,162,160,160,158,156,154,154,152,150,148,148,146,144,144,142,140,140,138,136,136,134,132,132,130,128,128,126,126,124,124,122,122,120,120,118,118,118,116,116,116,114,114,114,112,112,112,112,110,110,110,110,110,110,108,110,110,110,110,108,108,108,108,108,106,106,106,106,106,104,104,104,104,102,102,102,100,100,100,100,98,98,98,96,96,96,94,94,94,92,92,90,90,90,88,88,86,86,84,84,82,82,80,80,78,78,76,74,74,72,72,70,68,68,66,64,62,62,60,58,56,54,54,52,50,48,46,44,42,42,42,42,42,42,42,44,44,44,44,44,44,44,44,44,44,44,44,44,44,44,44,44,44,46,48,50,52,54,56,58,60,62,64,66,68,70,72,76,80,84,88,92,96,100,104,108,112,116,120,126,132,138,144,150,156,162,170,178,186,194,202,210,218,226,236,246,256,266,276,286,296,308,318,330,342,354,366,380,394,408,422,436,450,464,480,496,512,526,542,558,574,590,606,624,642,660,678,696,714,732,748,766,784,802,822,842,862,882,902,922,942,960,980,1000,1020,1040,1060,1080,1100,1120,1140,1158,1178,1198,1218,1238,1258,1278,1298,1318,1338,1356,1376,1396,1416,1436,1454,1472,1490,1508,1526,1542,1560,1578,1594,1610,1626,1642,1658,1674,1690,1704,1716,1730,1744,1758,1770,1782,1794,1806,1818,1828,1838,1848,1858,1864,1872,1880,1888,1894,1900,1906,1912,1916,1918,1922,1926,1928,1930,1932,1932,1932,1932,1932,1932,1930,1928,1926,1922,1918,1916,1910,1904,1898,1892,1884,1876,1870,1862,1854,1844,1834,1824,1816,1804,1792,1780,1770,1758,1746,1732,1718,1704,1690,1676,1662,1648,1632,1616,1602,1586,1570,1554,1538,1522,1506,1490,1474,1458,1442,1426,1412,1394,1378,1362,1344,1326,1308,1290,1272,1254,1236,1220,1202,1184,1166,1150,1134,1118,1102,1086,1070,1054,1038,1022,1006,990,976,958,944,928,910,898,882,868,854,840,826,812,798,784,770,756,744,732,720,708,696,684,672,660,648,636,624,614,604,592,584,572,562,552,542,532,522,512,504,496,488,480,472,464,456,448,440,434,426,420,414,408,402,396,390,384,378,372,366,360,356,352,348,344,340,336,332,328,324,320,316,312,310,308,306,304,302,300,298,296,294,292,290,288,288,290,290,290,290,290,290,290,290,290,292,294,296,298,300,302,304,306,308,310,312,314,318,322,326,330,334,338,342,346,350,354,358,362,366,370,374,378,382,386,390,394,400,406,412,418,424,430,436,442,448,454,460,466,472,478,484,490,496,502,508,514,520,526,532,538,544,550,556,562,568,574,580,584,590,596,602,608,614,620,626,632,638,644,648,652,654,658,662,666,670,674,678,682,686,690,694,698,702,704,708,712,716,720,724,728,730,732,734,736,738,740,742,746,748,750,752,754,756,758,760,762,764,766,768,770,772,774,776,778,780,782,784,786,788,790,790,792,794,796,798,800,800,802,804,804,806,806,808,808,808,808,808,808,808,808,808,808,808,808,808,808,808,808,808,808,808,808,808,808,808,808,808,808,808,808,808,808,808,808,808,808,808,808,808,808,808
266,270,272,276,280,284,288,290,292,294,296,298,300,302,304,306,308,310,312,314,316,316,316,316,316,316,316,316,316,316,316,316,316,316,314,314,314,314,314,314,314,314,314,314,314,314,314,314,312,312,310,310,310,310,308,308,306,306,306,304,302,300,300,300,298,298,296,296,292,292,290,290,288,288,286,286,286,284,284,282,280,280,278,276,276,274,272,272,270,268,266,266,264,262,260,258,256,256,254,252,250,248,248,246,244,242,240,240,238,236,234,232,232,230,228,226,224,222,220,218,216,214,212,210,208,206,204,202,200,200,198,196,194,192,190,188,186,184,182,180,178,176,174,174,172,170,168,166,166,164,162,160,160,158,156,156,154,152,152,150,148,148,146,144,144,142,140,140,138,138,136,134,134,132,132,130,130,128,128,126,126,124,124,122,122,122,120,120,118,118,118,116,116,116,116,114,114,114,114,112,112,112,114,114,114,114,114,114,114,114,114,114,114,112,112,112,112,112,112,112,112,112,112,112,112,112,112,112,112,110,110,110,110,110,110,110,108,108,108,108,106,106,106,104,104,104,104,102,102,102,100,100,100,98,98,98,96,96,94,94,94,92,92,90,90,88,88,86,86,84,84,82,82,80,80,78,78,76,76,74,74,74,74,74,74,74,74,74,74,74,74,74,74,74,74,74,74,74,74,74,74,74,74,74,74,74,74,74,74,74,74,74,74,74,74,74,74,74,74,74,74,74,74,74,74,74,74,74,74,74,74,74,74,74,74,76,78,80,82,84,86,88,90,92,94,96,98,100,102,104,106,108,110,112,116,120,124,128,132,136,140,144,148,152,156,158,164,170,176,182,188,194,200,206,212,220,228,236,244,252,260,268,276,286,296,306,316,326,336,346,356,368,380,392,404,416,428,442,456,470,484,498,512,526,540,554,570,586,602,618,634,650,668,686,704,722,740,756,774,792,810,828,846,866,886,906,926,946,964,984,1004,1024,1044,1064,1084,1104,1124,1144,1164,1184,1206,1226,1246,1266,1286,1306,1326,1346,1366,1386,1408,1428,1448,1464,1482,1500,1518,1536,1554,1572,1590,1608,1624,1640,1656,1670,1686,1702,1716,1730,1744,1758,1772,1784,1794,1806,1818,1830,1838,1848,1858,1868,1874,1882,1890,1898,1902,1908,1914,1920,1924,1926,1930,1932,1934,1936,1936,1936,1936,1938,1936,1934,1932,1932,1928,1924,1920,1914,1910,1904,1898,1890,1882,1874,1866,1856,1848,1838,1828,1816,1804,1792,1780,1768,1754,1740,1726,1712,1696,1680,1664,1650,1634,1618,1602,1584,1566,1548,1530,1512,1494,1476,1458,1438,1418,1398,1378,1358,1338,1318,1298,1278,1258,1238,1218,1198,1178,1158,1138,1118,1098,1078,1058,1038,1018,998,978,958,938,918,898,878,858,838,818,798,782,764,746,728,712,694,676,660,646,630,614,598,582,566,552,538,524,510,496,482,470,458,446,434,422,410,398,388,378,368,358,348,338,330,322,314,306,298,290,282,276,272,266,260,254,248,242,238,234,230,226,222,218,214,212,210,208,206,204,202,200,198,198,198,198,198,198,198,198,198,198,198,198,200,202,204,206,208,210,212,214,216,218,220,222,224,226,228,230,232,234,236,236,238,240,242,246,248,250,254,256,260,262,266,268,272,276,280,284,286,290,294,298,302,306,310,314,318,322,324,326,328,330,332,334,336,338,338,340,342,344,346,348,350,352,354,356,358,360,360,360,360,360,360,360,360,360,360,360,360,360,360,360,360,360,360,360,358,356,354,352,350,348,346,344,342,340,338,336,334,332,330,328,326,324,324,322,320,318,316,314,312,310,308,306,304,302,300,298,296,294,294,292,290,288,286,284,282,280,278,276,274,272,270,268,266,264,262,260,258,256,254,252,250,248,246,244,242,240,240,240,240,240,240,240,240,240,240,240,240,240,240,240,240,240,240,240,240,240,240,240,240,240,240,240,240,240,240,240,240,240
252,256,260,264,268,272,276,278,280,282,284,286,288,290,292,294,296,298,300,302,302,302,302,302,302,302,302,302,302,302,302,302,302,302,302,302,302,302,302,302,302,302,302,302,300,300,300,300,298,298,296,296,294,294,292,292,290,288,288,286,284,284,282,280,278,278,276,274,272,272,270,268,268,266,264,262,262,260,258,258,256,256,254,252,252,250,248,248,246,244,244,242,240,240,238,238,236,234,234,232,232,230,228,228,226,224,224,222,220,220,218,216,214,214,212,210,210,208,206,204,202,202,200,198,196,194,192,190,190,188,186,184,182,180,178,176,174,172,170,168,166,164,164,162,160,158,156,154,152,150,148,146,144,142,142,140,138,136,134,132,130,128,126,126,124,122,120,118,118,116,114,114,112,110,108,106,104,102,102,100,98,96,94,94,92,90,88,88,86,84,84,82,80,80,80,80,80,80,80,80,80,80,80,80,80,80,80,80,80,80,80,80,80,80,80,80,80,80,80,80,80,80,80,80,80,80,80,80,80,80,80,80,80,80,80,80,80,80,80,80,80,80,80,80,80,80,80,80,80,80,80,80,80,78,78,78,78,78,78,78,78,78,78,78,78,78,78,78,78,78,78,78,78,78,78,78,78,78,78,78,78,78,78,78,78,78,78,78,78,78,78,78,78,78,78,78,78,78,78,78,78,78,78,78,78,78,78,78,78,78,78,78,78,78,78,78,78,78,78,78,78,78,78,80,80,80,80,80,80,80,80,80,80,80,80,80,80,80,80,80,80,80,80,80,80,80,80,80,82,82,82,82,82,82,82,82,82,82,82,82,84,86,88,90,92,94,96,98,100,102,104,106,108,110,112,114,116,118,122,126,130,134,138,142,146,150,154,158,162,166,170,176,182,188,194,200,206,212,218,224,230,236,242,250,258,266,274,280,288,296,304,312,320,328,336,346,356,366,376,386,396,406,416,426,436,446,456,468,478,490,502,514,526,538,550,562,574,586,598,610,622,634,646,658,670,680,692,704,718,732,746,760,774,788,802,816,828,842,856,870,884,898,912,926,940,952,966,980,994,1008,1022,1036,1048,1062,1076,1090,1104,1114,1126,1138,1150,1162,1174,1186,1198,1210,1224,1236,1248,1260,1272,1284,1294,1304,1316,1326,1336,1346,1356,1366,1376,1386,1396,1404,1412,1420,1428,1436,1444,1452,1460,1466,1472,1478,1484,1490,1496,1502,1508,1514,1518,1522,1526,1530,1534,1538,1542,1546,1550,1552,1554,1556,1558,1560,1562,1564,1566,1568,1570,1572,1572,1572,1572,1572,1572,1572,1572,1572,1572,1572,1572,1572,1572,1570,1568,1566,1564,1562,1558,1556,1554,1552,1550,1548,1546,1542,1540,1538,1536,1534,1532,1530,1528,1524,1522,1520,1518,1516,1514,1512,1510,1510,1508,1506,1504,1502,1500,1498,1496,1494,1492,1490,1486,1482,1478,1474,1470,1466,1462,1458,1454,1450,1446,1442,1438,1434,1430,1426,1422,1420,1414,1408,1402,1396,1390,1384,1378,1372,1366,1360,1354,1348,1340,1332,1324,1316,1308,1300,1292,1284,1276,1268,1260,1250,1240,1230,1220,1210,1200,1190,1180,1170,1160,1150,1142,1132,1120,1108,1096,1084,1072,1060,1048,1036,1024,1012,1000,988,976,964,952,940,928,916,906,894,880,868,856,844,830,818,806,794,782,770,758,746,734,722,710,698,686,674,662,650,638,628,616,604,592,580,568,556,544,532,522,512,502,492,482,474,464,454,444,434,424,416,408,400,392,384,376,368,360,352,344,336,330,324,318,312,306,300,294,288,282,276,270,264,260,256,252,248,244,240,236,234,230,226,222,218,214,210,208,206,204,202,200,198,196,194,192,190,188,186,184,182,180,178,176,174,172,170,168,166,164,164,164,164,164,164,164,164,164,164,164,164,164,164,164,164,164,164,164,164,164,164,164,164,164,164,164,164,164,164,164,164,164,164,164,164,164,164,164,164,164,164,164,164,164,164,164,164,164,164,164,164,164,164,164,164,164,164,164,164,166
262,266,270,274,278,282,284,286,288,290,292,294,296,298,300,302,304,306,308,310,312,312,312,312,312,312,312,312,312,312,312,312,312,312,312,312,312,312,310,310,310,310,310,310,310,310,310,310,310,310,310,310,310,308,308,308,308,308,308,308,304,304,304,304,304,304,304,302,302,302,302,302,298,298,298,298,298,296,296,296,296,296,294,294,292,292,290,290,290,288,288,288,288,286,286,286,284,284,282,280,280,280,278,278,276,276,276,274,274,272,272,270,270,268,268,266,266,264,264,262,262,260,258,258,256,256,254,252,250,250,248,246,246,244,242,240,238,236,234,234,232,230,228,226,224,222,220,218,216,214,212,210,208,206,204,202,200,198,196,194,192,190,188,186,184,182,180,178,176,174,172,170,168,166,164,162,160,158,156,154,152,150,148,146,144,142,140,138,136,136,134,132,130,128,126,124,124,122,120,118,116,116,114,112,110,110,108,106,106,104,102,102,100,98,98,96,96,94,92,92,92,92,92,92,92,92,92,92,92,92,92,92,92,92,92,92,92,92,92,92,92,92,92,92,92,92,92,92,94,94,94,94,94,94,94,94,94,94,94,94,94,94,94,94,94,94,94,94,94,94,94,94,94,94,94,94,94,94,94,94,94,94,94,94,94,94,94,94,94,94,94,94,94,94,94,94,94,94,94,94,94,94,94,94,94,94,94,94,94,94,94,94,94,94,94,94,94,96,96,96,96,96,96,96,96,96,96,96,96,96,96,96,96,96,96,96,96,96,96,96,96,96,96,96,96,96,96,96,96,96,96,96,96,96,96,96,96,96,96,96,96,96,96,96,96,96,96,96,98,100,102,104,106,108,110,112,114,116,118,120,122,124,126,128,130,132,134,136,138,140,144,148,152,156,160,164,168,172,176,180,184,188,192,196,200,204,208,212,216,220,224,230,236,242,248,254,260,266,272,278,286,292,298,304,310,316,322,328,336,344,352,360,368,378,386,394,402,410,418,426,434,442,450,462,470,482,492,502,512,522,532,542,552,564,574,584,594,606,618,630,642,654,664,676,688,700,712,724,736,748,760,772,784,796,810,824,838,852,864,878,892,906,920,934,948,962,976,990,1004,1018,1032,1046,1058,1072,1086,1100,1114,1128,1142,1156,1170,1184,1196,1206,1218,1230,1242,1254,1266,1276,1288,1300,1310,1320,1328,1338,1348,1358,1368,1374,1382,1390,1398,1406,1414,1420,1426,1432,1438,1444,1450,1456,1460,1464,1468,1472,1476,1480,1484,1488,1490,1492,1494,1496,1498,1500,1502,1504,1506,1504,1504,1504,1504,1504,1504,1504,1504,1504,1504,1504,1504,1504,1504,1504,1504,1502,1502,1502,1502,1502,1502,1502,1500,1500,1498,1498,1494,1494,1492,1492,1490,1488,1486,1486,1484,1482,1478,1476,1476,1474,1472,1470,1470,1468,1466,1466,1464,1462,1462,1462,1462,1462,1462,1462,1462,1462,1462,1462,1462,1462,1462,1462,1462,1462,1462,1462,1462,1462,1462,1462,1462,1460,1458,1456,1454,1452,1450,1448,1446,1444,1442,1440,1438,1436,1434,1432,1430,1428,1426,1424,1420,1416,1412,1408,1404,1400,1396,1392,1388,1384,1382,1378,1374,1370,1366,1362,1358,1352,1346,1340,1334,1328,1322,1316,1310,1304,1298,1292,1286,1280,1274,1268,1262,1256,1250,1244,1238,1232,1226,1220,1214,1208,1202,1196,1190,1186,1180,1174,1168,1162,1156,1150,1144,1138,1132,1124,1118,1112,1106,1098,1092,1086,1078,1072,1066,1058,1052,1044,1036,1028,1020,1014,1006,998,990,982,974,966,958,950,942,934,926,920,912,904,896,888,880,872,864,856,848,840,832,824,816,808,800,792,784,776,768,760,752,746,738,730,722,714,706,698,690,682,674,666,658,652,646,640,634,628,622,616,610,604,598,592,586,580,574,568,562,556,552,546,542,538,534,530,526,522,518,514,510,506,502,498,494,490,486,482,480,478,476,474,472,470,468,466,464,462,460,458,456,454,454,454,454,454,454,454,454,454,454,454,454,454,454,454,454,454,454,454,454,454,454
260,264,268,272,276,280,284,286,288,290,292,294,296,298,300,302,304,304,306,308,310,310,310,310,310,310,310,310,310,310,310,310,310,310,310,310,310,310,310,310,310,310,310,310,310,308,308,308,306,306,306,304,304,302,302,300,300,298,298,296,296,292,290,290,288,286,286,284,282,282,280,278,276,276,274,272,270,270,268,266,266,266,266,264,264,262,262,260,260,258,258,256,256,254,254,252,250,250,248,248,246,244,242,242,240,238,238,236,234,234,232,230,230,228,226,224,224,222,220,218,216,214,214,212,210,208,206,204,202,200,198,196,194,192,190,188,186,184,182,180,178,176,174,172,170,168,166,164,162,162,160,158,156,156,154,152,150,148,146,144,142,140,138,136,134,132,132,130,128,126,124,124,122,120,118,118,116,114,112,112,110,108,108,106,104,104,102,100,98,96,96,94,92,92,90,90,88,88,86,86,84,84,82,82,82,80,80,78,78,78,78,78,78,78,76,76,76,76,74,74,74,74,74,74,72,72,72,72,72,72,72,70,70,70,70,70,68,68,68,68,68,66,66,66,66,64,64,64,64,62,62,62,60,60,60,58,58,58,56,56,56,56,54,54,54,52,52,52,50,50,50,48,48,48,48,48,48,48,48,48,48,48,48,48,48,48,48,48,48,48,48,48,48,48,48,48,48,48,48,48,48,48,48,48,48,48,48,48,48,48,48,48,48,48,48,48,48,48,48,48,48,48,48,48,48,48,48,48,48,48,48,48,48,48,48,48,48,48,48,48,48,48,48,48,48,48,48,48,48,50,52,54,56,58,60,62,64,66,68,70,72,74,76,78,78,80,82,84,88,92,96,100,104,108,112,116,120,124,128,132,136,142,148,154,160,166,172,178,184,190,196,202,208,216,224,232,238,246,254,262,270,278,286,296,306,316,326,336,346,356,366,376,388,400,412,424,434,446,458,470,482,496,510,524,538,552,566,580,594,608,624,638,654,670,686,702,718,734,750,768,786,804,822,838,856,874,892,910,930,950,970,990,1010,1030,1050,1070,1090,1110,1130,1150,1174,1194,1218,1238,1260,1282,1304,1326,1348,1370,1392,1416,1436,1460,1482,1504,1526,1548,1570,1592,1614,1636,1658,1680,1702,1726,1748,1770,1792,1814,1836,1858,1880,1902,1924,1946,1968,1988,2008,2028,2048,2068,2088,2108,2126,2142,2160,2178,2196,2214,2232,2248,2264,2280,2296,2312,2326,2338,2352,2366,2380,2392,2404,2416,2428,2438,2448,2458,2468,2476,2482,2490,2498,2504,2510,2516,2522,2524,2528,2532,2536,2538,2540,2542,2544,2544,2544,2544,2542,2540,2538,2536,2534,2528,2524,2520,2516,2510,2504,2496,2490,2482,2474,2466,2458,2450,2440,2428,2418,2408,2398,2388,2376,2364,2352,2340,2328,2316,2304,2290,2276,2262,2248,2234,2220,2208,2194,2176,2162,2146,2130,2114,2098,2082,2066,2050,2034,2018,2002,1986,1970,1954,1938,1924,1906,1892,1876,1860,1844,1828,1812,1796,1778,1762,1744,1728,1710,1694,1678,1662,1646,1630,1616,1600,1584,1568,1552,1536,1520,1504,1488,1472,1458,1442,1426,1410,1394,1378,1362,1346,1330,1314,1298,1282,1268,1256,1242,1228,1214,1200,1186,1172,1158,1144,1130,1116,1102,1088,1074,1064,1052,1040,1028,1016,1004,992,980,968,956,944,934,924,914,904,894,884,874,866,856,846,836,828,820,812,804,796,788,780,772,764,756,750,744,738,732,726,720,714,708,702,696,690,684,678,674,672,668,664,660,656,652,648,644,640,636,632,628,624,620,616,612,608,604,600,596,592,588,584,580,576,572,568,564,560,556,552,548,544,540,536,532,528,524,520,516,512,508,504,500,496,492,488,484,480,476,474,470,466,462,458,454,450,446,442,438,434,430,426,422,418,414,410,406,402,398,394,390,386,382,378,374,372,370,368,366,364,362,360,358,356,354,352,350,348,346,344,342,340,338,338,338,338,338,338,338,338,338,338,338,338,338,338,338,338,338,338,338,338,338,338,338,338,338,338,338,338,338
244,248,252,256,260,262,264,266,268,270,272,274,276,278,280,282,284,286,288,288,288,288,288,288,288,288,288,288,288,288,288,288,288,288,288,288,288,288,288,288,288,288,288,288,288,288,288,288,288,286,286,286,284,284,282,282,282,282,280,280,280,280,278,278,278,276,276,276,274,274,274,272,272,272,270,270,270,268,268,266,266,264,264,264,262,262,260,260,258,258,256,256,254,254,252,252,250,250,248,246,246,244,244,242,242,242,240,240,240,238,238,238,238,238,236,236,234,234,232,232,230,228,228,226,224,224,222,220,218,218,216,214,212,210,208,208,206,204,202,200,198,198,196,196,194,192,190,190,188,186,184,182,182,180,178,176,174,174,172,170,168,168,166,164,162,162,160,158,158,156,154,154,152,150,150,148,146,146,144,142,142,140,140,138,136,136,134,134,132,132,130,128,128,126,126,124,122,122,120,120,118,118,116,116,114,112,112,110,110,108,108,106,106,104,104,102,102,100,100,98,98,96,96,94,92,92,90,88,88,86,86,84,84,82,80,80,78,78,76,76,74,74,72,72,70,70,68,68,66,66,64,64,62,62,60,60,60,60,60,60,60,60,60,60,60,60,60,60,60,60,60,60,60,60,60,60,60,60,60,60,60,60,60,60,60,60,60,60,60,60,60,60,60,60,60,60,60,60,60,60,60,60,60,60,60,60,60,60,60,60,60,60,60,60,60,60,60,60,60,60,60,60,60,60,60,60,60,60,60,60,60,60,62,64,66,68,70,72,74,76,78,80,82,84,86,88,90,92,94,96,98,100,102,104,106,106,108,110,114,118,122,126,130,134,138,142,146,150,154,158,162,166,170,174,178,184,190,196,202,208,214,220,226,232,236,242,248,254,260,266,272,278,286,294,302,310,318,326,334,342,350,358,366,374,382,390,396,404,412,420,428,436,444,452,460,468,476,484,492,500,508,516,524,532,540,548,556,564,572,580,588,594,602,610,618,626,634,642,650,658,666,674,682,690,698,706,714,722,730,738,746,754,762,768,774,780,786,790,796,802,808,814,820,826,832,838,844,850,856,862,868,874,880,886,892,898,904,910,916,922,928,934,940,944,950,954,960,964,970,974,978,982,988,992,998,1004,1010,1016,1022,1028,1034,1040,1046,1052,1058,1064,1070,1076,1082,1088,1094,1100,1106,1114,1122,1130,1138,1146,1154,1162,1170,1178,1186,1196,1204,1212,1220,1228,1236,1244,1252,1260,1268,1276,1286,1294,1302,1310,1320,1328,1338,1348,1358,1368,1378,1388,1398,1408,1418,1426,1436,1446,1456,1466,1476,1486,1496,1506,1516,1526,1534,1542,1550,1558,1566,1574,1582,1590,1598,1606,1614,1620,1628,1636,1642,1648,1654,1660,1666,1672,1678,1684,1688,1692,1696,1700,1702,1706,1710,1712,1714,1716,1716,1718,1720,1722,1722,1720,1720,1720,1720,1720,1718,1716,1714,1712,1710,1708,1706,1702,1698,1694,1690,1686,1682,1676,1670,1664,1658,1652,1646,1638,1630,1622,1616,1608,1600,1590,1580,1570,1560,1550,1540,1530,1518,1506,1494,1482,1470,1458,1446,1434,1424,1410,1396,1382,1368,1354,1340,1326,1312,1298,1284,1270,1256,1242,1228,1216,1202,1188,1174,1160,1146,1132,1118,1102,1088,1074,1060,1046,1032,1020,1006,992,978,964,950,936,922,908,894,880,866,852,838,826,812,798,784,770,756,742,728,714,702,690,678,666,654,642,632,620,608,596,584,572,560,550,540,530,520,510,500,490,480,470,460,450,442,434,426,418,410,402,394,388,380,372,364,356,348,342,336,330,324,318,312,306,300,294,288,282,276,270,266,262,258,256,252,248,244,240,236,232,228,224,220,216,212,208,206,204,202,200,198,196,194,192,190,188,186,184,182,180,178,176,174,172,170,168,166,164,162,160,160,160,160,160,160,160,160,160,160,160,160,160,160,160,160,160,160,160,160,160,160,160,160,160,160,160,160,160,160,160,160,160,160,160,160,160,160,160,160,160,160,160,160
256,260,264,268,272,274,278,282,284,286,288,290,292,294,296,298,300,302,304,306,306,306,306,306,306,306,306,306,306,306,306,306,306,306,306,306,306,306,306,306,306,306,306,304,304,304,304,304,302,302,302,300,300,298,298,296,296,294,292,292,290,288,290,288,286,286,284,282,282,280,278,278,276,274,274,272,272,270,268,268,266,266,264,264,262,262,260,260,258,258,256,256,254,252,252,250,248,248,246,246,244,242,242,240,240,238,236,236,234,234,232,232,230,228,228,226,226,224,222,222,220,218,218,216,214,214,212,210,208,208,206,204,202,200,198,196,196,196,194,192,190,188,186,186,184,182,180,178,176,176,174,172,170,168,168,166,164,162,162,160,158,158,156,154,152,152,150,148,148,146,144,144,142,140,140,138,136,136,134,134,132,130,130,128,128,126,124,124,122,122,120,118,118,116,116,114,114,112,112,110,110,108,108,106,106,104,104,102,102,102,100,100,98,98,98,96,96,96,94,94,94,94,92,92,92,90,90,90,90,88,88,88,86,86,86,84,84,84,82,82,82,82,82,82,82,82,82,82,82,82,82,82,82,82,82,82,82,82,82,82,82,82,82,82,82,82,82,82,82,82,82,82,82,82,82,82,82,82,82,82,82,82,82,82,80,80,80,80,80,80,80,80,80,80,80,80,80,80,80,80,80,80,80,80,80,80,80,80,80,80,80,80,80,80,80,80,80,80,80,80,80,80,80,82,84,86,88,90,92,94,96,98,102,104,106,108,110,112,114,116,118,120,122,124,126,128,130,132,136,140,144,148,152,156,160,164,168,172,176,180,184,188,192,196,202,208,214,220,226,232,238,244,250,256,262,268,274,280,286,292,300,308,314,322,330,338,346,354,362,370,378,386,394,402,410,418,426,434,442,450,458,466,474,482,490,498,506,514,522,530,540,548,558,568,578,588,598,608,618,628,638,648,658,668,676,684,692,700,708,714,722,730,738,746,754,762,770,778,784,790,796,802,808,814,820,826,832,838,844,848,852,856,860,864,868,872,876,878,880,882,884,886,888,890,892,892,892,892,892,892,892,892,892,890,888,886,884,882,880,876,874,872,870,866,862,858,854,850,846,842,838,834,830,826,822,818,814,810,806,802,798,794,790,786,782,778,774,770,766,762,758,754,750,746,742,738,734,730,726,722,718,714,710,706,704,702,700,698,696,694,692,690,688,688,688,688,688,688,688,688,690,692,694,696,698,700,702,706,710,714,718,722,726,730,736,742,748,754,760,766,772,778,784,792,800,808,816,824,830,838,846,854,862,870,878,886,894,902,910,918,926,934,942,950,958,966,974,982,988,996,1004,1012,1020,1028,1036,1044,1052,1060,1068,1076,1084,1090,1096,1102,1108,1114,1120,1128,1134,1140,1146,1150,1154,1158,1162,1166,1170,1176,1180,1184,1186,1188,1190,1192,1194,1196,1198,1200,1202,1202,1202,1202,1202,1202,1202,1202,1202,1202,1202,1202,1200,1198,1196,1194,1192,1190,1188,1186,1184,1182,1180,1178,1176,1174,1170,1166,1162,1158,1154,1150,1146,1142,1138,1134,1130,1126,1122,1118,1114,1110,1104,1098,1092,1086,1080,1074,1068,1062,1056,1050,1044,1036,1030,1024,1018,1012,1006,998,990,982,974,966,958,950,944,936,928,920,912,904,896,888,880,872,864,856,848,840,832,824,816,808,800,792,784,776,768,760,752,746,736,728,720,710,702,694,684,676,666,656,648,638,630,620,610,600,590,582,572,562,554,548,540,532,524,516,508,500,492,484,476,468,460,452,444,436,428,420,412,404,398,392,386,380,374,368,362,356,352,346,340,334,328,324,320,316,312,308,304,300,296,292,288,284,282,280,278,276,274,272,270,268,266,264,262,260,258,258,258,258,258,258,258,258,258,258,258,258,258,258,258,258,258,258,258,258,258,258,258,258,258,258,258,258,258,258,258
232,236,240,242,244,246,248,250,252,254,256,258,260,262,264,266,268,270,272,274,274,274,274,274,274,274,274,274,274,274,274,274,274,274,274,274,274,274,274,274,272,272,272,272,272,272,272,272,272,272,272,272,272,272,272,270,270,270,270,270,268,268,268,268,266,266,264,264,262,262,262,262,260,260,260,258,258,258,256,256,254,252,252,252,250,248,246,244,242,240,238,236,232,230,228,226,224,222,220,218,216,214,212,210,208,206,204,202,200,198,196,196,194,192,190,188,186,184,182,180,178,176,174,172,170,168,166,164,162,160,158,156,154,152,150,148,146,144,142,140,138,136,134,132,130,128,126,124,122,120,118,116,114,112,110,108,106,104,102,100,98,96,94,92,90,90,90,90,90,90,90,90,90,90,90,90,90,90,90,90,90,90,90,90,90,90,90,90,90,90,90,90,90,90,90,90,90,90,90,90,90,90,90,90,90,90,90,90,90,90,90,90,90,90,90,90,90,90,90,90,90,90,90,90,90,90,90,90,90,90,90,90,90,90,90,90,90,90,90,90,90,90,90,90,90,90,90,90,90,90,90,90,90,90,90,90,90,90,90,90,90,90,90,90,90,90,90,90,90,90,90,92,92,92,92,92,92,92,92,92,92,92,92,92,92,92,92,92,92,92,92,92,92,92,92,92,92,92,92,92,92,92,92,92,92,92,92,92,92,92,92,92,92,92,92,92,92,92,92,92,92,92,92,92,92,92,92,92,92,92,92,94,96,98,100,102,104,106,108,110,112,114,116,118,118,120,122,124,126,128,130,132,134,136,138,140,142,144,146,148,150,152,154,156,158,160,162,164,166,168,170,172,174,176,178,180,182,184,188,190,192,194,198,200,202,206,210,214,218,222,226,230,234,238,242,246,250,254,258,262,266,270,274,278,282,286,290,294,298,302,306,310,314,316,320,324,328,332,336,340,344,348,352,356,360,364,368,372,376,380,384,388,392,394,396,398,400,402,404,406,408,410,412,414,416,418,420,422,424,426,428,430,432,434,434,434,434,434,434,434,434,434,434,434,434,434,434,434,434,434,434,434,434,434,434,434,434,434,434,434,434,434,434,434,434,436,436,436,436,436,436,436,436,436,436,436,436,436,436,436,436,436,438,438,438,438,438,438,438,438,438,438,438,438,438,438,438,438,438,438,438,438,438,438,438,438,438,438,438,438,438,438,438,438,438,438,438,438,438,438,438,438,438,438,438,438,438,438,438,438,438,438,440,440,440,440,442,442,442,444,444,444,446,446,448,450,452,454,456,458,460,462,464,466,468,470,472,472,474,476,478,480,482,484,486,488,490,492,494,496,498,500,502,504,506,508,510,512,514,516,518,520,522,524,526,528,530,532,534,536,538,540,542,544,546,548,550,552,552,554,556,556,556,556,556,556,556,556,556,556,556,556,556,556,556,556,556,556,556,556,556,554,552,550,548,546,544,542,540,538,536,534,532,530,528,526,524,520,516,512,510,506,502,498,494,490,486,482,478,474,470,466,462,458,454,450,446,442,440,436,432,428,424,420,416,412,408,402,398,394,388,384,380,376,372,368,364,360,356,352,348,344,340,336,332,328,324,320,316,314,310,306,302,298,294,290,286,282,278,274,270,266,262,260,258,256,254,252,250,248,246,244,242,240,238,236,234,232,230,228,226,224,222,220,218,218,218,218,218,218,218,218,218,218,218,218,218,218,218,218,218,218,218,218,218,218,218,218,218,218,218,218,218,218,218,218,218,218,218,218,218,218,218,218,218,218,220,220,220,220,220,220,220,220,220,222,222,222,222,222,222,222,222,224,224,224,224,224,224,224,224,224,224,224,226,226,226,226,226,226,226,226,226,226,226,226,226
292,296,300,304,308,312,316,320,324,328,332,334,336,338,340,342,344,346,348,350,352,352,354,356,356,356,356,356,356,356,356,356,356,356,356,356,356,356,356,356,356,356,356,356,356,356,356,356,356,356,354,354,354,354,354,354,352,350,350,350,350,348,348,348,346,346,346,344,344,344,342,342,342,340,338,338,336,336,334,334,332,332,332,330,330,328,326,324,322,320,318,316,314,312,310,308,306,304,302,300,298,296,294,292,290,288,286,284,282,280,278,276,276,274,272,270,268,266,264,262,260,258,256,254,252,250,248,246,244,242,240,238,236,234,232,230,228,226,224,222,220,218,216,214,212,210,208,206,204,202,200,198,196,194,192,190,188,186,184,182,180,178,176,174,172,170,168,166,164,162,160,158,156,154,152,150,148,146,144,142,140,138,136,134,132,130,128,126,124,122,122,120,118,116,114,114,112,110,110,108,106,106,104,104,102,100,100,98,98,96,96,94,94,92,92,92,92,92,92,92,92,92,92,92,92,92,92,92,92,92,92,92,92,92,92,92,92,92,92,92,92,92,92,92,92,92,92,92,92,92,92,92,92,92,92,92,92,92,92,92,92,92,92,92,92,92,92,92,92,92,92,92,92,92,92,92,92,92,92,92,92,92,92,92,92,92,92,92,92,92,92,92,92,92,92,92,92,92,92,92,94,94,94,94,94,94,94,94,94,94,94,94,94,94,94,94,94,94,94,94,94,94,94,94,94,94,94,94,94,94,94,94,94,94,94,94,94,94,94,94,94,94,94,94,94,94,94,94,94,94,94,94,94,94,94,94,94,94,94,94,94,94,94,94,94,94,94,94,94,94,94,94,94,94,94,94,94,94,94,94,94,94,94,94,94,94,94,94,94,94,94,94,94,94,94,94,94,96,98,100,102,104,106,108,110,112,114,116,118,120,122,124,126,128,130,132,134,136,138,140,144,148,152,156,160,164,168,172,176,180,184,188,192,196,200,204,210,216,222,228,234,240,246,252,258,264,270,276,280,286,292,300,308,316,324,332,340,348,356,364,372,380,388,396,404,412,420,428,434,442,450,458,466,474,482,490,498,506,516,524,532,542,550,560,568,578,588,596,604,612,620,628,636,644,652,660,668,676,684,692,700,708,716,724,732,740,748,756,762,768,774,780,786,792,798,804,810,816,822,828,832,836,840,844,848,852,856,860,864,866,868,870,872,874,876,878,878,878,878,878,878,878,878,878,876,874,872,870,868,866,864,862,858,854,850,846,842,838,834,830,826,820,814,808,802,796,790,786,780,774,768,762,756,750,744,738,730,722,714,706,698,690,682,674,666,658,650,642,634,626,618,610,602,594,588,580,572,564,556,548,540,532,524,516,508,500,492,484,476,468,460,452,444,438,432,426,420,414,408,402,396,392,386,380,374,366,362,358,354,352,348,344,340,336,332,328,324,318,316,314,314,312,310,308,306,304,300,298,296,294,292,292,292,292,292,292,292,292,292,292,292,292,292,292,292,292,292,292,292,292,292,292,292,292,290,290,290,292,292,294,296,298,300,302,304,306,308,310,312,314,316,318,320,322,324,326,328,330,332,334,336,338,340,342,344,346,348,350,352,354,356,358,360,362,364,364,366,368,370,372,372,374,376,378,378,380,380,382,384,384,386,386,388,388,390,390,392,392,394,394,396,396,396,398,398,398,400,400,400,400,400,402,402,402,402,402,402,402,402,404,404,404,404,404,404,404,406,406,406,406,406,406,406,408,408,408,408,408,410,410,410,410,410,412,412,412,412,412,412,414,414,414,414,414,416,416,416,416,416,416,416,416,416,416,416,416,418,418,418,418,418,418,418,418,418,418,418,418,418,418,418,418,418,418,418,418,418
264,268,272,276,278,282,284,286,288,290,292,294,296,298,300,302,304,306,308,308,308,308,308,308,308,308,308,308,308,308,308,308,308,308,308,308,308,308,308,308,308,308,308,308,306,306,306,306,306,304,304,304,302,302,300,300,298,298,296,294,294,292,292,290,288,288,286,284,284,282,280,278,278,276,276,276,274,272,270,270,268,268,266,264,264,262,260,260,258,258,256,254,254,252,252,250,250,248,246,246,244,242,242,240,240,238,236,236,234,232,232,230,228,228,226,224,224,222,220,220,218,218,216,214,214,212,212,210,208,208,206,206,204,202,202,200,200,198,196,196,194,192,192,190,188,188,186,186,184,182,182,180,178,178,176,174,174,172,170,168,168,166,164,164,162,160,158,158,156,154,154,152,150,150,148,146,146,144,144,142,140,140,138,138,136,134,134,132,132,130,130,128,128,126,126,124,124,122,122,120,120,118,118,116,116,116,114,114,112,112,110,110,110,108,108,106,106,106,104,104,104,102,102,102,102,100,100,100,100,98,98,98,98,98,98,98,96,96,96,96,96,96,96,96,96,94,94,94,94,94,94,94,94,94,94,94,94,94,94,92,92,92,92,92,92,90,90,90,90,90,88,88,88,88,86,86,86,86,86,84,84,84,84,84,84,84,84,84,84,84,84,84,84,84,84,84,84,84,84,84,84,84,84,84,84,84,84,84,84,84,84,84,84,84,84,84,84,84,84,84,84,84,84,84,84,84,84,84,84,84,84,84,84,84,84,84,84,84,84,84,84,84,84,84,84,84,84,84,84,84,84,82,82,82,82,82,82,82,80,80,80,80,80,78,78,78,78,78,76,76,76,76,74,74,74,74,72,72,72,72,70,70,70,70,68,68,68,66,66,66,64,64,64,64,64,64,64,64,64,64,64,64,64,64,64,64,64,64,64,64,64,64,64,64,64,64,64,64,64,64,64,64,64,64,64,64,64,64,64,64,64,64,64,64,64,64,64,64,64,64,64,64,64,64,64,64,64,64,64,64,64,64,64,64,64,64,64,64,64,64,64,64,64,64,64,64,64,64,64,64,64,64,64,64,64,64,64,64,66,68,70,72,74,76,78,80,82,84,86,88,90,92,94,96,98,100,102,104,106,108,110,112,114,118,122,126,130,134,138,142,146,150,154,158,162,166,170,174,178,182,186,190,196,200,206,212,218,224,230,236,242,248,254,260,266,272,278,284,290,296,302,308,314,320,326,334,342,350,358,366,374,382,390,396,404,412,420,428,436,444,452,460,468,476,484,492,500,508,516,524,532,540,548,556,564,572,580,588,594,602,610,618,626,634,642,648,654,660,666,672,678,684,690,696,702,708,714,720,726,730,734,738,742,746,750,752,756,760,762,764,766,768,770,772,774,776,778,778,778,778,778,778,778,778,778,776,774,774,772,770,768,766,764,762,758,754,750,746,742,738,734,730,726,722,716,710,704,698,692,686,680,674,668,662,656,650,644,638,632,628,622,616,610,604,598,592,584,578,572,564,558,550,542,536,528,520,512,504,496,488,482,476,470,464,458,452,446,440,434,430,424,418,412,406,400,394,388,384,380,376,372,368,364,360,356,352,348,344,340,336,334,332,330,328,326,324,322,320,318,316,314,312,310,308,306,306,306,306,306,306,306,306,306,306,306,306,306,306,306,306,306,306,306,306,306,306,308,308,308,310,312,314,316,318,320,322,324,326,328,330,332,334,336,338,340,342,344,348,350,352,354,356,358,360,362,364,366,368,370,372,374,376,378,380,382,384,388,390,390,394,396,398,400,402,404,406,408,410,412,414,416,418,420,422,424,426,428,430,432,434,436,438,440,442,444,444,446,448,450,450,452,452,454,454,454,454,456
240,244,248,252,254,256,258,260,262,264,266,268,268,270,272,274,276,278,280,282,282,282,282,282,282,282,282,282,282,282,282,282,282,282,282,282,282,282,282,280,280,280,280,280,280,280,280,280,278,278,278,278,278,278,276,276,274,274,272,272,272,272,270,270,270,266,266,266,264,264,262,262,262,258,258,258,256,256,254,252,250,248,244,242,240,238,236,234,232,230,228,226,224,222,220,218,216,214,212,210,208,206,204,202,200,198,196,194,192,190,188,186,184,182,180,178,176,174,172,170,168,166,164,162,160,158,156,156,154,152,150,148,146,144,142,140,138,136,134,132,130,128,126,124,122,120,118,116,116,116,116,116,116,116,116,116,116,116,116,116,116,116,116,116,116,116,116,116,116,116,116,116,116,116,116,116,116,116,116,116,116,116,116,116,116,116,116,116,116,116,116,116,118,118,118,118,120,120,120,122,122,122,124,124,126,128,128,130,130,132,134,134,136,136,136,136,136,136,136,136,136,136,136,136,136,136,136,136,136,136,136,136,136,136,136,136,136,136,136,136,136,136,136,136,136,136,136,136,136,136,136,136,136,136,136,136,136,136,136,136,136,136,136,136,136,136,136,136,136,136,134,134,134,134,132,132,132,130,130,130,128,128,128,126,126,124,124,122,122,122,120,120,118,118,116,116,116,114,114,112,112,112,110,110,110,108,108,108,106,106,106,106,104,104,104,104,102,102,102,102,100,100,100,100,98,98,98,96,96,96,96,94,94,94,94,94,92,92,92,92,92,92,92,90,90,90,90,90,88,88,88,88,88,86,86,86,86,86,84,84,84,84,82,82,82,80,80,80,80,78,78,78,76,76,76,74,74,74,72,72,70,70,70,68,68,66,66,66,64,64,62,62,62,60,60,60,58,58,58,56,56,56,56,56,56,56,56,56,56,56,56,56,56,56,56,56,56,56,56,56,56,56,56,56,56,56,56,56,56,56,56,56,56,56,56,56,56,56,56,56,56,56,56,56,56,56,56,56,56,56,56,56,56,56,56,56,56,56,56,56,56,56,56,56,56,56,56,58,60,62,64,66,68,70,72,74,76,78,80,82,84,86,88,90,92,94,96,100,104,108,112,116,120,124,128,132,136,140,144,148,152,156,162,168,174,180,186,192,198,204,210,216,222,230,238,246,254,262,270,278,286,294,302,310,318,326,336,346,354,364,374,384,394,404,414,424,434,444,454,464,474,484,494,504,514,524,534,546,554,564,576,588,600,612,624,636,648,660,672,684,696,708,720,732,744,754,766,778,790,800,810,820,830,840,850,860,870,880,890,900,910,918,926,934,942,948,956,964,972,980,986,992,998,1004,1010,1016,1022,1026,1030,1034,1038,1042,1046,1050,1052,1054,1056,1058,1060,1062,1062,1062,1062,1062,1062,1062,1062,1060,1058,1056,1054,1052,1050,1046,1042,1038,1034,1030,1026,1022,1016,1010,1004,998,992,986,980,974,966,958,950,944,936,928,920,912,904,896,888,880,872,862,852,842,832,822,812,802,792,782,772,762,752,744,734,724,714,704,694,684,674,664,654,644,634,624,614,604,594,584,574,564,554,548,540,532,524,516,508,500,492,484,476,468,460,452,444,438,432,426,420,414,408,402,396,390,384,378,374,370,366,362,358,354,352,348,344,340,336,332,330,328,326,324,322,320,318,316,314,312,310,308,306,304,304,304,304,304,304,304,304,304,304,304,304,304,304,304,304,304,304,304,304,304,302,302,302,304,306,308,310,312,314,316,318,320,322,324,326,328,330,332,334,336,338,340,342,344,346,348,350,352,354,356,358,360,362,364,366,368,370,372,374,376,378,380,382,384,386,388,390,392,394,394,396,398,400,402,404,406,408,410,412,414,416,418,420,422,422,424,424,426,426,426,426,426,428
294,298,302,306,310,312,316,318,320,322,324,326,328,330,332,334,336,338,340,340,340,340,340,340,340,340,340,340,340,340,340,340,340,340,340,340,340,340,340,340,340,340,340,340,340,340,340,338,338,338,336,336,336,334,334,332,332,330,330,328,328,326,326,324,324,322,320,320,318,316,316,314,312,312,310,308,306,306,304,302,300,298,296,294,294,292,290,288,286,284,282,280,280,278,276,274,272,270,268,266,266,264,262,260,258,256,254,252,252,250,248,246,244,242,240,240,238,236,234,232,232,230,228,226,224,224,222,220,218,216,216,214,212,208,208,206,204,202,202,200,198,196,196,194,192,192,190,188,186,186,184,182,180,178,178,176,174,172,170,168,166,164,164,162,160,158,156,154,154,152,150,148,146,144,144,142,140,138,138,136,134,132,132,130,128,126,126,124,122,122,120,118,118,116,116,114,114,112,112,110,110,108,108,106,106,106,104,104,102,102,102,100,100,100,98,98,98,98,96,96,96,96,96,96,94,96,96,96,96,96,96,96,96,96,96,96,96,96,96,96,96,96,96,96,96,96,96,96,96,96,96,96,96,96,96,96,96,96,96,96,96,96,96,94,94,94,94,94,94,94,94,94,94,94,94,94,94,94,94,94,94,94,94,94,94,94,94,94,94,94,94,94,94,94,94,94,94,94,94,94,94,94,94,94,94,94,94,92,92,92,92,92,92,92,92,92,92,92,92,92,92,92,92,92,90,90,90,90,90,90,90,90,90,90,90,88,88,88,88,88,88,88,88,88,86,86,86,86,86,86,86,84,84,84,84,84,84,82,82,82,82,82,82,80,80,80,80,80,78,78,78,78,78,78,76,76,76,76,76,76,76,76,76,76,76,76,76,76,74,74,74,74,74,72,72,72,72,72,72,72,72,72,72,72,72,72,72,72,72,72,72,72,72,72,72,72,72,72,72,72,72,72,72,72,72,72,72,72,72,72,72,72,72,72,72,72,72,70,70,70,70,70,70,70,70,70,70,70,70,70,70,70,70,70,70,70,70,70,70,70,70,70,70,70,70,70,70,70,70,70,70,72,74,76,78,78,80,82,84,86,88,90,92,94,96,98,100,102,104,108,112,116,120,124,128,132,138,142,146,150,154,160,166,172,178,184,190,196,202,208,214,220,228,236,244,252,262,270,276,286,294,304,314,324,334,344,354,364,374,384,394,406,418,430,442,454,466,478,490,502,514,528,542,554,568,582,596,610,624,638,652,666,680,694,710,726,742,756,772,788,804,820,836,852,868,884,900,916,932,946,962,978,994,1010,1026,1042,1058,1074,1090,1106,1122,1138,1150,1164,1178,1192,1206,1220,1234,1248,1262,1276,1290,1300,1312,1324,1336,1348,1360,1370,1380,1390,1400,1410,1418,1428,1438,1446,1452,1460,1468,1476,1482,1486,1492,1498,1504,1508,1512,1516,1520,1524,1530,1532,1534,1536,1538,1540,1540,1540,1540,1540,1540,1540,1538,1536,1534,1532,1530,1526,1522,1518,1514,1510,1506,1500,1494,1488,1482,1476,1470,1462,1454,1446,1438,1430,1422,1416,1408,1398,1388,1378,1368,1358,1348,1338,1328,1318,1308,1298,1288,1278,1268,1258,1248,1238,1228,1220,1210,1198,1186,1174,1162,1150,1138,1126,1114,1102,1090,1078,1066,1056,1046,1036,1026,1018,1008,998,988,978,968,958,948,938,928,920,912,904,896,888,880,872,864,856,848,840,834,828,824,818,810,804,798,792,788,780,776,772,768,764,760,756,752,748,744,740,736,732,728,724,722,718,716,714,712,710,708,706,704,702,700,698,696,692,690,688,686,684,682,680,678,678,676,674,672,670,668,668,666,664,662,660,660,658,658,656,654,654,652,652,652,652,652,652,652,652,652,652,652,652,652,652,652,652,652,652,652,652,652,652,652,652,652,652,652,652,652,652,652,652,652,652,652,652,652,652,652,652,652,652,652,652,652,652,652,652,652
238,242,246,250,252,254,256,258,260,262,264,266,268,270,272,274,276,278,280,280,280,280,280,280,280,280,280,280,280,280,280,280,280,280,280,280,280,280,280,280,280,280,280,280,280,278,278,278,276,276,276,274,274,274,272,272,270,270,268,268,266,266,264,264,264,262,262,260,260,260,258,258,258,256,256,256,254,254,254,254,252,250,250,250,250,248,248,248,248,246,246,246,244,244,244,242,242,242,240,240,238,238,238,236,236,234,234,232,232,228,228,226,226,224,224,222,220,220,218,216,216,214,212,212,210,208,208,206,204,202,200,198,196,194,192,190,188,186,184,182,180,178,176,174,172,170,168,166,164,162,160,158,156,156,154,152,148,146,144,142,140,138,136,134,132,130,128,126,124,122,120,118,118,116,116,116,116,116,116,116,116,116,116,116,116,116,116,116,116,116,116,116,116,116,116,116,116,116,116,116,114,114,114,114,114,114,114,114,114,114,114,114,114,114,114,114,114,114,114,114,114,114,114,114,114,114,114,114,114,114,114,114,114,114,114,114,114,114,114,114,114,114,114,114,114,114,114,114,114,114,114,114,114,114,114,114,114,114,114,114,114,114,112,112,112,112,112,112,112,110,110,110,110,110,110,108,108,108,108,108,106,106,106,106,104,104,104,104,102,102,102,102,100,100,100,100,98,98,98,98,96,96,96,96,94,94,94,92,92,92,92,90,90,90,88,88,88,86,86,86,86,84,84,84,84,82,82,82,82,82,80,80,80,80,78,78,78,78,78,78,78,78,78,76,76,76,76,76,74,74,74,74,72,72,72,70,70,70,70,68,68,68,66,66,66,64,64,64,62,62,60,60,60,58,58,56,56,54,54,54,52,52,50,50,50,48,48,48,48,48,48,48,48,48,48,48,48,48,48,48,48,48,48,48,48,48,48,48,48,48,48,48,48,48,48,48,48,48,48,48,48,48,48,48,48,48,48,48,48,48,48,48,48,48,48,48,48,48,48,48,48,48,48,48,48,48,48,48,48,48,48,48,48,48,48,48,48,48,48,48,48,48,48,48,48,48,48,48,48,48,48,48,48,48,48,48,48,48,48,48,48,48,50,52,54,56,58,60,62,64,66,68,70,72,74,76,78,80,82,84,86,88,90,92,96,100,104,108,112,116,120,124,128,132,136,140,144,148,152,156,162,168,174,180,186,192,198,204,210,216,222,228,234,240,248,256,264,272,280,288,296,304,312,320,328,336,344,354,364,374,384,394,404,414,424,434,444,454,464,474,486,498,510,522,534,546,558,570,582,594,606,618,630,642,654,666,678,690,702,712,724,736,748,760,772,784,796,808,820,832,844,856,868,880,892,904,914,926,938,950,962,972,982,992,1002,1012,1022,1032,1042,1052,1062,1072,1080,1088,1096,1104,1110,1118,1126,1134,1140,1146,1152,1158,1164,1170,1174,1178,1182,1186,1190,1194,1198,1200,1202,1204,1206,1208,1210,1210,1210,1210,1210,1210,1210,1208,1206,1204,1202,1200,1198,1194,1190,1186,1182,1178,1174,1170,1164,1158,1152,1146,1140,1134,1128,1120,1112,1104,1098,1090,1082,1074,1066,1058,1050,1040,1030,1020,1010,1000,990,980,970,960,950,940,930,920,910,900,890,880,870,860,850,840,830,820,810,800,790,780,770,760,750,740,730,720,710,700,690,680,672,664,656,648,640,632,624,616,608,600,592,584,578,572,566,560,554,548,542,536,530,526,522,518,514,510,506,502,498,494,490,490,488,486,484,482,480,478,476,474,472,472,470,470,470,470,470,470,470,470,470,470,470,470,470,470,470,470,470,470,470,470,470,470,470,472,472,472,474,474,474,476,478,478,480,482,482,484,486,488,488,490,492,494,496,498,500,502,502,504,506,508,510,512,514,514,516,518,520,522,522,524,526,526,528,528,530,530,532,532,532,532,532,532,534
236,240,242,244,246,248,250,252,254,256,258,260,262,264,266,268,270,270,270,270,270,270,270,270,270,270,270,270,270,270,270,270,270,270,270,270,270,270,270,270,268,268,268,268,268,268,266,266,266,264,264,262,262,260,260,258,258,256,256,254,254,252,252,250,250,248,246,246,244,244,242,240,240,238,236,236,236,234,232,230,230,228,226,226,224,222,222,220,218,218,216,214,214,212,210,210,208,208,206,204,204,202,200,200,198,196,196,194,194,192,190,190,188,186,186,184,182,182,180,178,178,176,176,174,172,172,170,170,168,168,166,166,164,164,162,160,160,158,158,156,154,154,152,152,150,148,146,146,144,142,142,140,138,138,136,134,134,132,132,130,128,128,126,126,124,124,122,122,120,120,118,118,116,116,114,114,112,112,112,110,110,108,108,108,108,106,106,106,106,104,104,104,104,104,102,102,102,102,102,102,102,102,102,102,102,102,102,102,102,102,102,102,102,100,100,100,100,100,100,100,100,100,100,100,98,98,98,98,98,98,96,96,96,96,96,94,94,94,94,92,92,92,92,92,90,90,90,90,90,90,90,90,90,90,90,90,90,90,90,90,90,90,90,90,90,90,90,90,90,90,90,90,90,90,90,90,90,90,90,90,90,90,90,90,90,90,90,92,92,92,92,92,92,92,92,92,92,92,92,92,92,92,92,92,92,92,92,92,92,92,92,92,92,92,92,92,92,92,92,92,92,92,92,92,92,92,92,92,92,92,92,92,92,92,92,92,92,92,92,92,94,94,94,94,94,94,94,94,94,94,94,94,94,94,94,96,96,96,96,96,96,96,96,96,96,96,96,96,96,98,98,98,98,98,98,98,98,98,98,98,100,100,100,100,100,100,100,100,100,100,100,100,100,100,100,100,100,100,100,100,100,100,100,100,102,104,106,108,110,112,114,116,118,120,122,124,126,128,130,132,134,136,138,140,142,144,146,148,150,152,154,156,158,160,162,164,166,168,170,172,174,176,178,180,182,184,186,190,192,194,196,196,200,202,204,208,210,212,216,218,222,224,226,230,232,236,238,240,242,246,248,252,254,258,260,264,266,270,272,276,280,282,286,290,292,296,298,300,302,304,306,308,310,312,314,316,318,320,322,324,326,328,330,332,334,336,338,340,342,344,346,348,350,352,354,356,358,360,362,364,366,368,370,372,374,376,378,380,382,384,386,388,390,392,394,396,398,400,402,404,406,408,410,412,414,416,418,420,422,424,426,428,430,432,434,436,438,440,442,444,448,452,456,460,464,468,472,476,482,486,490,494,498,502,506,510,514,520,526,532,538,544,550,556,562,568,574,580,586,590,596,602,608,614,620,626,632,638,644,652,660,668,676,684,692,700,708,716,724,732,740,748,756,764,772,780,788,794,800,806,812,818,824,830,836,842,848,854,860,866,870,874,878,882,886,890,894,898,902,904,906,908,908,910,912,914,916,916,916,916,916,916,914,914,912,910,908,908,906,904,902,900,896,892,888,884,880,876,872,868,864,858,852,846,840,834,828,822,816,810,804,798,792,786,780,774,768,762,756,748,740,732,724,716,710,702,694,686,678,670,662,654,646,638,630,622,614,606,598,592,586,580,574,568,562,556,550,544,538,532,526,520,514,510,504,500,496,492,488,484,480,476,472,468,464,460,456,452,450,448,446,444,442,440,438,436,434,432,430,428,426,426,426,426,426,426,426,426,426,426,426,426,426,426,426,426,426,426,426,426,426,426,426,426,426,426,426,426,426,428,428,428,428,428,428,430,430,430,430,430,432,432,432,432,434,434,434,434,436,436,436,438,438,438,440,440,440,442,442,442,442,444,444,444,444,444,446,446,446,446,446,446,446,446,446,446,448
258,262,266,270,274,278,282,286,290,292,294,296,298,300,302,304,306,308,310,312,314,316,316,316,316,316,316,316,316,316,316,316,316,316,316,316,316,316,316,316,316,316,316,316,316,316,316,316,316,316,316,316,316,314,314,314,312,312,310,310,308,308,306,306,306,304,304,302,302,300,300,296,296,294,294,294,292,292,290,290,290,288,288,288,288,286,286,286,286,284,284,284,284,284,284,284,282,282,282,282,280,280,278,278,278,276,276,276,274,274,274,274,274,272,272,270,270,268,268,266,266,264,264,262,262,260,258,258,256,254,254,252,250,250,248,246,246,244,242,240,238,238,236,234,232,230,228,226,224,224,222,220,218,216,214,212,210,208,206,204,202,200,198,196,194,192,190,188,186,184,184,182,180,178,176,176,174,172,170,170,168,166,166,164,162,162,160,158,158,156,154,154,152,150,150,148,148,146,144,144,142,142,140,140,138,138,138,136,136,134,134,134,132,132,132,130,130,130,130,128,128,128,128,128,126,126,126,126,126,126,124,124,124,124,124,122,122,122,122,120,120,120,120,118,118,118,118,116,116,116,114,114,114,114,112,112,112,112,112,110,108,108,108,106,106,106,106,104,104,104,102,102,102,102,100,100,100,98,98,98,96,96,96,96,96,96,96,96,96,96,96,96,96,96,96,96,96,96,96,96,96,96,96,96,96,96,96,96,96,96,96,96,96,96,96,96,96,96,96,96,96,96,96,96,96,96,96,96,96,96,96,96,96,96,96,96,96,96,96,96,96,96,96,96,96,96,96,96,96,96,96,96,96,96,96,96,96,96,96,96,96,96,96,96,96,96,96,96,96,98,100,102,104,106,108,110,112,114,116,118,120,122,124,126,128,130,132,134,136,138,140,142,144,146,148,150,152,154,156,158,160,162,164,166,168,170,172,174,176,178,182,184,186,188,190,194,196,198,202,204,206,210,212,216,218,222,226,228,232,234,238,242,244,248,252,256,258,260,262,264,266,268,270,272,274,276,276,278,280,282,284,286,288,290,292,294,296,298,300,302,304,306,308,310,312,314,316,318,320,322,324,326,328,330,332,334,336,338,340,342,344,346,348,350,352,354,354,356,358,360,362,362,364,366,366,368,368,370,370,372,372,372,372,372,372,372,372,372,372,372,372,372,372,372,372,372,372,372,372,372,372,372,372,372,372,372,372,372,372,372,372,372,372,372,372,372,374,376,378,380,382,384,386,388,390,392,394,396,398,400,402,404,406,408,410,412,414,416,418,420,422,424,426,428,430,432,436,440,444,448,452,456,460,464,468,472,474,478,482,486,490,494,498,502,506,510,514,518,522,526,530,534,538,542,546,550,554,558,562,566,570,572,574,576,578,580,582,584,586,588,590,592,594,596,598,598,598,598,598,598,598,598,598,598,598,598,598,596,594,592,590,588,586,584,582,580,578,574,570,566,562,558,554,550,546,542,538,534,528,522,516,510,504,498,492,486,480,474,468,462,456,450,444,438,432,426,420,414,408,402,394,390,384,376,370,362,356,350,344,338,332,326,320,314,308,302,296,290,284,278,272,266,260,254,248,242,236,230,224,218,214,210,206,202,198,196,192,188,184,180,176,172,168,164,160,156,154,152,150,148,146,144,142,140,138,136,134,132,130,128,126,124,122,122,122,122,122,122,122,122,122,122,122,122,122,122,122,122,122,122,122,122,122,122,122,122,122,122,122,122,122,122,122,122,122,122,122,124,124,124,126,126,128,128,128,130,130,132,134,134,136,136,138,138,140,142,142,144,146,146,148,150,150,152,154,154,156,156,158,158,160,162,162,164,164,166,166,166,168,168,168,170,170,170,170,170,172,172,172,172,172,172,172,172,172,172,174
248,252,256,260,264,266,268,270,272,274,276,278,280,282,284,286,288,290,290,290,290,290,290,290,290,290,290,290,290,290,290,290,290,290,290,290,290,290,290,290,290,290,290,290,290,290,290,288,288,288,288,286,286,286,284,284,282,282,280,280,278,278,276,276,274,274,272,270,270,268,268,266,264,264,262,260,258,258,256,256,254,254,252,250,248,246,244,244,242,240,238,236,236,234,232,230,230,228,226,224,222,222,220,218,218,216,214,212,212,210,208,208,206,204,204,202,200,200,198,196,196,194,194,192,190,188,188,186,184,182,182,180,178,176,174,174,172,170,168,168,166,164,162,160,160,158,156,154,152,152,150,148,146,144,142,140,138,138,136,134,132,130,128,126,124,124,122,120,118,116,114,114,112,110,108,106,104,104,102,100,98,96,96,94,92,90,88,88,86,84,84,84,84,84,84,84,84,84,84,84,84,84,84,84,84,84,84,84,84,84,84,84,84,84,84,84,84,84,84,84,84,84,84,84,84,84,84,84,84,84,84,84,84,84,84,84,84,84,84,84,84,84,84,84,84,84,84,84,84,84,84,84,84,84,84,84,84,84,84,84,84,84,84,84,84,84,84,84,84,84,84,84,84,84,84,84,84,84,84,84,84,84,84,84,84,84,84,84,84,84,84,84,84,84,84,84,84,84,84,84,84,84,84,84,84,84,84,84,84,84,84,84,84,84,84,84,84,84,84,84,84,84,84,84,84,84,84,84,84,86,88,90,92,94,96,98,100,102,104,106,108,110,112,114,116,118,120,122,124,126,128,130,132,134,136,138,140,142,144,148,152,156,160,164,168,172,176,180,184,188,192,196,200,204,208,214,220,226,232,236,242,248,254,260,266,272,278,284,290,296,302,310,318,326,334,342,350,358,366,374,382,390,398,406,414,422,430,438,446,454,462,470,478,486,494,502,512,518,526,536,544,552,560,568,578,586,594,602,610,620,628,638,646,656,666,674,684,694,704,712,722,732,742,752,762,770,778,786,792,800,808,816,824,832,840,848,856,864,872,880,888,896,904,912,920,928,936,944,952,960,968,976,984,990,996,1002,1008,1014,1020,1026,1030,1036,1042,1048,1054,1058,1064,1070,1076,1084,1088,1092,1096,1100,1106,1110,1114,1118,1122,1126,1132,1136,1140,1144,1148,1150,1152,1154,1156,1158,1160,1162,1164,1166,1168,1170,1172,1174,1176,1178,1180,1180,1180,1180,1180,1180,1180,1180,1180,1180,1180,1180,1180,1180,1180,1180,1180,1180,1180,1180,1180,1180,1180,1180,1180,1180,1178,1178,1178,1178,1178,1176,1174,1172,1170,1168,1166,1164,1160,1158,1156,1154,1152,1150,1148,1144,1144,1140,1138,1136,1134,1132,1130,1126,1124,1122,1120,1118,1116,1114,1112,1110,1108,1106,1104,1102,1100,1098,1096,1094,1092,1090,1088,1086,1084,1082,1080,1078,1076,1074,1072,1070,1068,1066,1064,1062,1060,1058,1056,1054,1052,1050,1048,1046,1044,1042,1040,1038,1036,1034,1032,1030,1028,1028,1026,1024,1022,1020,1018,1016,1014,1012,1012,1010,1008,1006,1004,1000,998,994,990,986,982,978,974,970,966,962,958,954,950,946,942,938,934,930,924,918,912,906,902,896,890,884,878,872,866,860,854,848,842,836,828,820,812,804,796,788,780,772,764,756,748,740,732,724,716,708,702,694,686,678,670,662,654,646,638,630,622,612,604,594,586,578,570,562,554,546,538,530,522,514,506,498,490,482,474,466,458,450,442,434,426,418,410,404,398,392,386,380,374,368,362,356,350,344,338,332,328,324,318,314,310,306,302,298,294,290,286,282,278,276,276,274,272,270,268,266,266,264,262,260,258,256,254,254,254,254,254,254,254,254,254,254,254,254,254,254,254,254,254,254,254,254,254,254,254,254,254,254,254,254,254,254,254,254,254,254,254,256,256,256,256,256,256,258,258,258,258,260,260,260,260,262,262,262,262,264,264,264,264,264,264,264,264,264,266
292,296,300,304,308,312,316,320,322,324,326,328,330,332,334,336,338,340,342,344,344,344,344,344,344,344,344,344,344,344,344,344,344,344,344,344,344,344,344,344,344,342,342,342,342,340,340,340,338,338,336,336,334,332,330,328,326,326,324,322,322,320,318,316,314,314,312,310,308,306,304,302,300,298,296,294,292,290,288,288,286,284,282,280,278,276,274,272,270,268,266,264,262,260,258,256,254,252,250,248,246,244,242,240,238,236,234,234,232,230,228,226,224,222,220,218,216,214,212,210,208,206,204,202,200,198,196,194,192,190,188,186,186,184,182,180,178,176,174,172,170,168,166,164,162,160,158,156,156,156,154,152,150,148,146,144,142,140,138,136,136,134,132,130,128,126,124,122,120,120,118,116,116,116,116,116,116,116,116,116,116,116,116,116,116,116,116,116,116,116,116,116,116,116,116,116,116,116,116,116,116,116,116,116,116,116,116,116,116,116,116,116,116,116,116,116,116,116,116,116,116,116,116,116,116,116,116,116,116,116,116,116,116,116,116,116,116,116,116,116,116,116,116,116,116,116,116,116,116,116,116,116,116,116,116,116,116,116,116,116,116,116,116,114,114,114,114,114,114,114,114,114,114,114,114,114,114,114,114,114,114,114,114,114,114,114,114,114,114,114,114,114,114,114,114,114,114,114,114,114,114,116,118,118,120,122,126,128,130,132,134,136,138,140,142,144,146,148,150,152,154,156,160,164,168,172,176,180,186,190,194,198,202,206,210,214,218,222,226,232,238,244,250,256,262,268,274,280,286,292,298,304,310,316,324,332,340,348,354,362,370,378,386,394,402,410,418,426,434,442,450,458,466,474,482,490,498,506,514,524,532,542,550,558,566,576,586,596,604,612,620,628,636,644,652,660,668,676,684,692,700,708,716,724,732,740,748,752,758,764,770,776,782,788,794,800,806,810,814,818,822,826,830,834,838,840,842,844,846,848,850,852,854,854,854,854,854,854,854,852,852,850,848,846,844,842,840,836,834,830,826,822,818,814,810,804,800,796,790,786,780,774,768,762,756,750,744,738,732,726,720,714,708,702,696,690,682,674,666,658,650,642,634,626,618,610,602,594,588,580,572,564,556,548,540,532,524,516,508,500,492,486,480,474,468,462,456,450,444,438,434,428,422,418,414,410,406,402,398,394,390,388,386,386,384,382,380,380,380,380,380,380,380,382,384,386,390,392,394,398,402,406,410,414,420,426,432,438,444,452,462,470,478,486,494,504,514,524,534,544,554,566,580,592,604,616,630,644,658,672,686,700,714,728,744,760,776,792,808,824,840,856,872,890,906,924,942,960,978,996,1014,1032,1050,1068,1086,1102,1120,1138,1156,1174,1192,1210,1228,1246,1264,1282,1298,1316,1334,1352,1370,1388,1406,1424,1442,1460,1478,1496,1512,1530,1548,1564,1580,1596,1612,1628,1644,1660,1676,1692,1706,1720,1734,1748,1762,1776,1790,1802,1812,1824,1836,1848,1860,1870,1880,1890,1900,1910,1918,1926,1934,1942,1948,1956,1962,1968,1974,1978,1984,1988,1992,1996,2000,2004,2006,2008,2010,2012,2012,2012,2012,2012,2012,2010,2008,2006,2004,2002,1998,1994,1990,1986,1982,1976,1970,1964,1958,1952,1946,1938,1930,1922,1914,1906,1898,1890,1882,1872,1862,1854,1844,1834,1824,1814,1804,1794,1784,1776,1766,1756,1744,1732,1720,1708,1696,1686,1674,1662,1650,1638,1626,1614,1602,1590,1578,1566,1556,1546,1536,1526,1516,1506,1498,1488,1478,1468,1458,1448,1440,1432,1424,1416,1408,1400,1392,1384,1378,1372,1366,1360,1354,1348,1342,1336,1330,1326,1322,1318,1314,1310,1306,1302,1298,1294,1292,1290,1288,1286,1284,1282,1278,1276,1274,1272,1272,1270,1270,1270,1270,1270,1270,1270,1270,1270,1270,1270,1270,1270,1270,1270,1270,1270,1270,1270,1270,1270,1270,1270,1270,1272,1272,1272,1272,1272,1274,1274,1274,1276,1276,1276,1278,1278,1280,1280,1280,1282,1282,1282,1284,1284,1284,1284,1284,1284,1284,1284,1286
262,266,268,270,272,274,276,278,280,282,284,286,288,290,292,294,294,294,294,294,294,294,294,294,294,294,294,294,294,294,294,294,294,294,294,294,294,294,294,294,294,292,292,292,292,290,288,288,288,286,286,286,284,284,282,282,280,280,276,276,274,274,272,270,270,268,266,264,262,260,260,258,258,256,252,252,250,250,248,246,244,242,240,240,238,238,236,232,232,230,228,228,226,222,224,222,220,220,218,216,216,214,214,212,212,210,208,208,206,206,204,204,202,202,200,200,198,198,198,196,196,196,196,194,192,192,190,190,188,186,186,184,184,182,180,178,178,176,174,174,172,170,168,166,164,164,162,160,158,156,156,154,152,150,148,146,144,144,142,140,138,136,134,134,132,130,128,126,124,124,122,120,118,116,116,114,112,110,108,108,106,104,102,102,100,98,96,96,92,90,90,88,86,86,84,82,82,80,78,78,76,78,78,78,78,78,78,78,78,78,78,78,78,78,78,78,80,80,80,80,80,80,80,80,80,80,80,80,80,80,80,80,80,80,80,80,80,80,80,80,80,80,80,80,80,80,80,80,80,80,80,80,80,80,80,80,80,80,80,80,80,80,80,80,82,84,86,88,90,92,94,96,98,100,102,104,106,108,110,112,114,116,120,124,128,132,136,140,144,148,152,156,158,162,166,172,178,184,190,196,202,208,214,220,228,236,244,252,260,268,276,284,292,300,310,320,330,340,350,358,368,378,390,402,414,426,438,450,462,474,486,498,512,526,540,552,566,580,594,608,622,636,652,668,684,700,716,732,748,762,778,794,810,826,842,858,874,890,906,922,938,952,968,984,1000,1016,1032,1048,1064,1080,1096,1112,1128,1142,1158,1174,1190,1206,1222,1238,1254,1268,1284,1300,1316,1332,1348,1364,1380,1394,1410,1424,1438,1452,1464,1478,1492,1506,1520,1534,1546,1558,1570,1582,1594,1606,1618,1630,1640,1650,1660,1670,1680,1690,1700,1708,1716,1724,1732,1740,1748,1754,1760,1766,1772,1778,1784,1788,1792,1796,1800,1804,1806,1808,1810,1812,1814,1816,1816,1816,1816,1816,1816,1814,1812,1810,1808,1806,1802,1798,1794,1790,1786,1782,1776,1770,1764,1758,1752,1744,1736,1728,1720,1712,1704,1694,1684,1674,1664,1656,1646,1636,1626,1614,1602,1590,1578,1566,1554,1542,1530,1518,1504,1490,1476,1462,1450,1436,1422,1408,1394,1380,1366,1352,1338,1324,1310,1296,1280,1264,1250,1234,1218,1202,1186,1170,1154,1138,1122,1106,1090,1074,1060,1044,1028,1012,996,980,964,948,932,916,900,886,872,860,846,830,818,804,790,776,760,748,734,718,706,692,680,668,656,644,632,620,610,598,586,574,562,552,542,532,522,512,504,494,484,474,464,454,446,438,430,422,414,406,398,392,384,376,368,362,356,350,344,338,332,326,320,314,308,302,296,292,288,284,280,276,272,268,264,260,256,252,248,246,244,242,240,238,236,236,234,232,230,228,226,224,222,220,218,216,214,214,214,214,214,214,214,214,214,214,214,214,214,214,214,214,214,214,214,214,214,216,218,220,222,224,226,228,232,234,234,238,240,242,244,246,248,250,252,254,258,262,266,270,274,276,280,284,288,292,296,300,304,308,312,316,320,324,330,336,342,348,354,360,366,372,378,384,390,396,402,408,414,420,426,432,438,444,450,456,462,468,472,478,486,494,502,510,518,526,534,542,550,558,566,574,582,590,598,606,614,622,630,636,644,652,660,668,676,684,692,700,708,716,724,732,738,746,754,762,770,778,786,792,800,808,816,824,830,838,846,854,864,872,880,888,896,904,912,922,928,934,940,946,952,958,966,972,978,984,990,996,1002,1010,1016,1022,1028,1034,1038,1042,1046,1050,1056,1060,1064,1068,1072,1076,1080,1084,1088,1092,1094,1096,1098,1100,1102,1106,1108,1110,1112,1114,1116,1118,1120,1122,1124,1126,1128,1130,1132,1134,1136,1138,1140,1142,1144,1146,1146,1148,1150,1152,1152,1154,1154,1156,1156,1158,1158,1158,1158,1158,1158,1158,1160
254,258,262,264,266,268,270,272,274,276,278,280,282,284,286,288,290,290,290,290,290,290,290,290,290,290,290,290,290,290,290,290,290,290,290,290,290,290,290,290,290,288,288,288,288,288,286,286,286,284,284,284,282,282,280,280,278,278,276,276,274,274,272,270,270,268,268,266,266,264,262,262,260,260,258,258,256,254,254,252,252,250,248,246,246,244,242,242,240,238,236,236,234,232,232,230,228,228,226,224,224,222,220,220,218,218,216,216,214,212,212,210,208,208,206,206,204,204,202,200,200,198,196,196,194,194,192,190,190,188,186,186,184,184,182,180,180,178,178,176,174,174,172,172,170,170,168,168,166,166,164,162,162,160,158,158,156,154,154,152,150,150,148,146,146,144,142,142,140,140,138,136,136,134,134,132,132,130,130,128,126,126,124,124,122,122,120,120,120,118,118,116,116,114,114,114,112,112,110,110,110,108,108,110,110,108,108,108,108,108,106,106,106,106,104,104,104,102,102,102,102,102,100,100,100,100,98,98,98,98,96,96,96,96,94,94,94,92,92,92,90,88,86,84,82,80,78,76,74,72,70,68,66,64,62,60,58,56,54,52,50,48,46,44,42,40,38,36,34,32,30,28,26,24,24,22,20,18,16,14,14,12,10,10,10,8,10,10,10,12,14,14,16,18,20,22,24,24,26,28,30,30,30,30,30,30,30,30,30,30,30,30,30,30,30,28,26,24,24,22,20,18,16,14,10,10,10,10,14,16,20,24,30,36,42,48,56,64,72,80,88,96,106,116,126,136,148,160,172,184,196,210,224,238,254,270,286,302,320,338,354,374,394,414,434,456,478,500,522,546,570,596,622,648,676,704,730,760,790,820,852,882,914,948,982,1018,1052,1088,1126,1164,1202,1240,1280,1320,1362,1404,1446,1488,1532,1576,1620,1666,1712,1758,1804,1850,1898,1946,1994,2042,2090,2136,2186,2236,2286,2336,2386,2436,2486,2536,2586,2636,2686,2736,2784,2834,2884,2934,2984,3032,3078,3126,3174,3222,3270,3316,3360,3406,3450,3494,3538,3578,3620,3662,3702,3742,3778,3816,3854,3890,3926,3958,3990,4022,4052,4082,4110,4136,4162,4188,4210,4232,4254,4272,4290,4308,4322,4336,4348,4360,4370,4378,4386,4390,4396,4398,4400,4402,4400,4400,4398,4396,4390,4386,4378,4370,4360,4350,4338,4326,4310,4296,4278,4262,4242,4222,4200,4178,4154,4130,4104,4076,4050,4022,3992,3964,3932,3902,3870,3836,3802,3768,3734,3698,3662,3626,3588,3550,3514,3476,3438,3398,3358,3320,3280,3240,3200,3160,3120,3082,3042,3002,2962,2922,2882,2842,2802,2762,2722,2684,2648,2610,2572,2534,2496,2460,2424,2388,2352,2316,2280,2246,2212,2178,2144,2112,2080,2048,2016,1984,1954,1924,1894,1864,1836,1808,1778,1750,1724,1698,1672,1646,1620,1596,1572,1548,1524,1500,1478,1456,1434,1412,1390,1368,1346,1328,1306,1286,1266,1246,1226,1208,1190,1172,1154,1136,1118,1100,1084,1068,1054,1038,1022,1006,990,974,960,946,932,918,904,890,876,864,850,836,822,810,798,786,774,762,750,738,726,714,702,692,682,672,664,654,644,634,624,614,604,594,584,576,568,560,552,544,536,528,520,512,504,496,488,482,478,472,466,460,454,448,442,436,430,424,418,412,406,402,398,394,390,386,382,378,374,370,366,362,358,356,352,348,346,344,342,340,338,336,334,332,330,328,326,324,322,320,318,316,314,312,310,308,308,306,304,302,300,298,296,294,292,290,288,286,284,282,280,280,278,276,274,272,270,272,270,268,268,266,264,264,262,260,260,258,258,256,254,254,252,250,250,248,246,244,244,242,240,238,238,238,236,234,232,230,228,226,224,222,222,220,218,216,216,216,216,216,216,216,216,216,216,216,216,216,216,216,216,216,216,216,216,216,216,216,216,216,216,216,216,216,216,216,216,216,216,216,216,216,216,216,216,216,216,216,216,216,216,218,218,218,218,218,218,218,218,218,218,220,220,220,220,220,220,220,220,220,220,220,222
242,246,248,250,252,254,256,258,260,262,264,266,268,270,272,274,276,276,276,276,276,276,276,276,276,276,276,276,276,274,274,274,274,274,274,274,274,274,274,274,274,274,272,272,272,270,270,270,270,268,268,264,264,264,262,262,260,258,256,256,254,254,252,250,248,248,246,246,244,244,242,240,240,238,238,236,236,236,236,236,234,234,232,232,230,230,230,228,228,226,226,224,222,222,220,220,218,218,216,216,214,214,212,212,210,210,208,208,206,206,206,204,204,202,202,200,200,198,198,196,196,194,194,192,192,190,190,188,186,186,184,182,182,180,178,178,176,174,174,172,172,170,168,168,166,164,164,162,162,160,158,158,156,156,154,154,152,150,150,148,146,146,144,144,142,140,140,138,138,136,134,134,132,130,130,128,128,126,126,124,122,122,120,120,118,118,116,114,114,112,110,110,108,108,106,106,104,102,102,100,100,98,98,96,96,94,94,92,92,90,90,88,88,86,86,86,84,84,82,82,80,80,80,78,78,76,76,74,74,72,72,70,68,68,66,66,64,62,62,60,60,58,56,54,54,52,50,50,50,48,46,44,42,40,40,38,36,34,34,34,34,34,34,34,34,34,34,34,34,34,34,34,34,34,34,36,36,36,36,36,36,36,38,38,42,44,46,48,50,52,54,56,58,60,62,64,68,72,76,80,84,88,92,96,100,104,108,114,120,126,132,138,144,150,156,164,172,180,188,196,204,212,220,230,240,250,260,270,278,290,302,314,326,338,350,364,378,392,406,420,434,448,464,480,496,510,526,542,560,578,596,614,632,650,670,690,708,728,748,768,788,808,830,852,874,896,916,938,960,982,1006,1030,1054,1078,1102,1124,1148,1172,1196,1220,1244,1268,1292,1314,1338,1362,1388,1414,1440,1466,1492,1516,1542,1568,1594,1620,1646,1670,1694,1716,1740,1764,1788,1812,1836,1860,1882,1904,1926,1948,1970,1992,2014,2034,2054,2072,2092,2112,2130,2148,2166,2184,2202,2216,2232,2248,2264,2278,2292,2306,2320,2330,2342,2354,2366,2376,2386,2396,2404,2412,2420,2426,2432,2438,2444,2450,2454,2458,2462,2464,2466,2468,2470,2472,2472,2472,2470,2470,2468,2466,2464,2462,2460,2456,2452,2448,2444,2442,2438,2434,2428,2422,2416,2410,2404,2400,2394,2388,2382,2376,2370,2364,2356,2350,2342,2334,2326,2318,2310,2302,2294,2286,2280,2272,2264,2256,2248,2240,2232,2224,2216,2210,2202,2194,2186,2180,2174,2170,2164,2158,2152,2146,2142,2136,2130,2124,2118,2112,2106,2100,2094,2088,2082,2076,2070,2064,2058,2052,2046,2040,2034,2028,2022,2016,2012,2008,2004,1998,1994,1988,1984,1980,1976,1972,1966,1962,1956,1950,1944,1938,1932,1926,1918,1912,1906,1900,1894,1888,1880,1874,1868,1862,1856,1850,1842,1836,1830,1822,1814,1806,1796,1790,1782,1774,1766,1760,1752,1744,1736,1730,1722,1712,1702,1694,1684,1674,1664,1656,1646,1636,1626,1616,1608,1598,1588,1576,1566,1554,1542,1532,1520,1508,1496,1486,1474,1462,1450,1438,1426,1414,1402,1390,1378,1368,1356,1344,1332,1320,1308,1296,1284,1270,1256,1244,1230,1216,1202,1190,1180,1168,1156,1144,1132,1120,1108,1096,1084,1072,1060,1048,1036,1024,1014,1004,994,984,976,966,956,946,938,930,922,914,906,898,890,882,876,870,864,858,852,846,840,834,830,826,822,818,814,810,804,800,796,794,792,790,788,786,784,782,780,778,776,774,772,770,768,764,762,760,758,756,754,752,750,746,744,742,742,740,738,738,736,734,732,730,728,728,726,726,724,720,720,718,718,716,716,714,714,712,710,710,708,706,706,704,704,702,702,702,700,700,698,698,698,696,696,694,692,690,688,686,684,682,680,678,676,674,672,670,668,666,664,662,660,658,656,654,652,650,648,646,644,642,640,638,636,634,632,630,628,626,624,622,620,618,616,614,612,610,608,606,604,602,600,598,596,594,592,592,592,592,592,592,592,592,592,592,592,592,592,592,592,592,592,592,592,592,592,592,592,592,592,592,592,592,592,592,592,592,592,592,592,592,592
226,230,234,238,242,246,250,254,256,258,260,262,264,266,268,270,272,274,276,278,280,282,284,286,286,286,286,286,286,286,286,286,286,286,286,286,286,286,286,286,286,286,286,286,286,286,286,286,286,286,286,286,286,286,286,286,286,286,286,286,286,286,286,286,286,286,286,286,284,284,284,284,284,282,282,282,282,280,280,278,278,278,276,276,276,274,274,272,272,272,270,270,268,268,264,264,262,262,260,260,258,256,256,254,254,252,250,250,248,246,246,244,242,240,240,238,236,234,232,230,228,226,224,222,220,220,218,216,214,212,210,208,206,204,202,200,196,196,194,192,190,190,188,186,184,182,180,178,176,174,172,170,168,168,166,164,162,160,158,156,154,152,152,150,148,146,144,142,140,140,140,138,136,134,132,130,128,128,126,124,122,122,122,122,122,122,122,122,122,122,122,122,122,122,122,122,122,122,122,122,122,122,122,122,122,122,122,122,122,122,122,122,122,124,126,128,130,132,134,136,138,142,144,146,148,150,152,154,156,158,160,162,164,168,172,176,180,184,188,192,196,200,204,208,212,216,220,224,228,232,236,240,246,252,258,264,270,274,280,286,292,298,304,310,316,322,328,334,340,346,352,358,364,370,376,382,388,394,400,406,412,420,426,432,440,446,452,460,468,472,480,488,494,500,506,512,518,524,530,536,542,548,554,560,566,572,578,584,590,596,602,608,614,620,626,632,638,644,650,656,660,664,668,670,674,678,682,686,690,694,698,702,706,710,714,718,722,726,730,734,738,742,746,750,754,758,762,764,768,772,776,778,782,786,788,792,794,796,800,802,804,806,808,812,816,820,824,828,832,836,840,844,848,852,856,860,864,868,870,874,878,882,886,892,898,904,910,916,922,928,934,940,946,952,958,964,970,976,982,988,994,1000,1004,1010,1016,1022,1030,1036,1042,1050,1058,1064,1072,1078,1084,1090,1096,1102,1108,1114,1120,1126,1132,1138,1144,1150,1156,1162,1168,1174,1180,1184,1186,1190,1194,1198,1202,1206,1210,1214,1216,1218,1220,1222,1224,1226,1228,1230,1230,1230,1230,1230,1230,1230,1230,1228,1226,1224,1222,1220,1218,1216,1214,1210,1206,1202,1198,1194,1190,1186,1184,1180,1176,1172,1168,1164,1158,1152,1146,1140,1134,1128,1122,1116,1110,1104,1098,1092,1086,1080,1074,1068,1062,1056,1050,1044,1040,1036,1032,1028,1024,1020,1016,1012,1008,1006,1004,1002,1000,998,996,994,994,994,994,994,994,994,996,998,1000,1002,1004,1006,1010,1014,1018,1022,1026,1032,1038,1044,1050,1056,1062,1068,1076,1084,1092,1100,1108,1116,1126,1136,1146,1156,1166,1176,1184,1194,1204,1214,1226,1238,1250,1262,1274,1286,1298,1310,1322,1334,1346,1358,1370,1382,1392,1404,1416,1428,1440,1452,1464,1476,1488,1500,1510,1522,1534,1546,1558,1570,1582,1594,1606,1618,1630,1642,1652,1662,1672,1682,1692,1700,1710,1720,1730,1740,1748,1756,1764,1772,1780,1788,1796,1804,1810,1816,1822,1828,1834,1840,1846,1850,1854,1858,1862,1866,1868,1870,1872,1874,1876,1878,1880,1880,1880,1882,1882,1882,1880,1878,1876,1874,1874,1872,1868,1864,1860,1856,1854,1850,1844,1838,1832,1828,1822,1816,1808,1802,1794,1786,1778,1770,1762,1752,1742,1734,1724,1714,1704,1694,1682,1670,1658,1646,1634,1622,1610,1598,1584,1570,1556,1542,1530,1516,1502,1488,1474,1458,1442,1426,1410,1394,1378,1362,1346,1330,1314,1298,1282,1266,1250,1234,1218,1202,1186,1170,1154,1138,1122,1106,1090,1074,1058,1042,1026,1010,994,978,962,946,930,914,898,882,866,850,834,820,806,792,778,764,750,736,722,708,694,680,668,656,644,632,620,608,596,584,572,562,552,542,532,522,512,502,492,482,474,466,458,450,442,434,428,420,412,406,400,394,388,384,378,372,366,360,356,352,348,344,340,336,332,328,324,320,316,314,312,310,308,306,304,302,300,298,296,294,292,292,292,292,292,292,292,292,292,292,292,292,292,292,292,292,292,292,292,292,292,292,292,292,292,292,292,292,292,292,292,292,292,292,292,292,292,292,292
300,304,308,312,314,318,322,324,326,328,330,332,334,336,338,340,342,344,346,346,346,346,346,346,346,346,346,346,346,346,346,346,346,346,346,346,346,346,346,346,346,346,346,344,344,344,344,342,342,340,340,338,338,338,336,336,334,332,332,330,330,328,328,326,326,324,324,322,320,318,316,314,312,310,308,306,304,302,300,298,296,294,292,290,288,284,282,280,278,276,274,272,270,268,266,264,262,260,258,256,254,252,250,248,246,244,240,238,236,234,232,230,228,226,224,222,220,218,216,212,210,210,208,206,204,202,200,198,196,194,192,190,190,188,186,184,182,180,178,176,174,172,170,168,166,164,162,160,158,156,154,152,150,148,146,144,144,142,140,138,136,134,132,130,128,126,124,122,120,118,116,114,112,110,108,106,104,102,100,98,96,94,92,90,88,86,84,82,80,78,76,74,72,70,68,66,64,64,64,64,64,64,64,64,64,64,64,64,64,64,64,64,64,64,64,64,64,64,64,64,64,64,64,64,64,66,68,70,72,74,76,78,80,82,84,86,88,90,92,94,96,98,100,102,104,106,110,114,118,122,126,130,134,138,142,146,150,154,158,162,166,172,178,184,190,196,202,208,214,220,226,232,238,246,254,262,270,278,286,294,302,310,318,326,334,342,352,362,372,382,392,402,412,424,432,444,454,464,476,488,500,512,524,536,548,560,572,584,598,612,626,640,654,668,682,696,710,724,738,754,770,786,802,818,832,848,864,880,896,914,932,950,968,986,1004,1020,1038,1056,1074,1094,1114,1134,1154,1174,1194,1214,1232,1252,1272,1292,1312,1332,1352,1374,1396,1416,1438,1460,1482,1504,1526,1548,1570,1592,1614,1634,1656,1678,1700,1722,1744,1766,1786,1808,1830,1852,1874,1894,1916,1938,1958,1978,1998,2016,2036,2056,2076,2096,2114,2132,2150,2168,2186,2204,2220,2236,2252,2268,2284,2300,2316,2328,2342,2356,2370,2382,2394,2406,2418,2428,2436,2446,2456,2464,2472,2480,2488,2494,2500,2506,2510,2514,2518,2522,2524,2526,2528,2530,2530,2530,2530,2528,2526,2522,2520,2516,2512,2508,2504,2498,2492,2488,2482,2474,2466,2458,2450,2442,2432,2422,2412,2402,2392,2380,2368,2356,2344,2332,2320,2308,2294,2282,2268,2254,2240,2226,2212,2198,2184,2170,2156,2142,2128,2112,2096,2082,2066,2050,2034,2018,2002,1986,1970,1954,1938,1922,1906,1892,1876,1860,1844,1828,1812,1796,1780,1764,1748,1732,1718,1704,1690,1676,1662,1648,1634,1620,1606,1592,1578,1564,1550,1536,1524,1512,1500,1488,1476,1464,1452,1440,1428,1416,1404,1392,1380,1368,1356,1344,1332,1322,1312,1302,1292,1282,1272,1262,1252,1242,1232,1222,1212,1202,1192,1184,1174,1164,1154,1144,1134,1124,1114,1104,1096,1086,1076,1066,1056,1046,1036,1026,1018,1008,998,990,980,970,962,952,942,934,926,918,908,898,890,880,872,864,856,846,836,828,818,810,800,792,782,774,764,756,748,740,732,724,716,708,700,692,684,676,670,662,654,646,638,630,622,614,606,598,590,582,574,566,558,550,542,534,526,518,512,506,500,494,488,482,476,472,466,460,454,448,442,436,432,428,424,420,416,412,408,404,400,396,392,390,388,386,384,382,380,378,376,374,372,370,368,366,366,366,366,366,366,366,366,366,366,366,366,366,366,364,364,364,364,364,364,364,364,364,364,364,364,364,364,364,366,366,366,368,368,370,370,372,372,374,376,376,378,378,380,382,382,384,386,386,386,388,390,390,392,394,394,396,398,400,400,400,400,404,406,406,408,408,410,410,412,412,414,414,416,416,418,418,420,420,422,424,424,426,426,426,428,428,428,428,430,430,430,432,432,432,432,434,434,434,434,434,436,436,436,438,438,440,440,442,442,444,444,446,448,448,450,452,452,454,456,456,458,460,462,462,464,466,468,470,470,472,474,474,476,478,480,480,482,484,484,486,488,488,490,492,492,494,494,496,496,498,500,500,502,502,504,504,506,506,506,508,508,508,508,508,508,508,508,508,510
272,276,280,284,288,292,294,296,298,300,302,304,306,308,310,312,314,316,318,318,318,318,318,318,318,318,318,318,318,318,318,318,318,318,318,318,318,318,318,318,318,316,314,314,312,310,308,306,304,302,300,298,296,294,292,290,288,286,284,282,280,278,276,274,272,270,268,266,264,262,260,258,256,254,252,250,248,246,244,242,240,238,236,234,232,230,228,226,224,222,220,218,216,214,212,210,206,204,202,200,198,196,194,192,190,188,184,182,180,178,174,172,170,168,164,162,158,156,154,150,148,144,142,138,136,134,130,126,124,120,118,116,112,110,106,102,98,96,92,88,84,80,76,76,72,68,64,60,56,52,48,44,42,38,38,36,34,32,32,30,28,28,26,26,26,24,24,24,24,24,22,26,26,26,26,26,28,28,28,28,28,30,30,30,30,32,32,30,32,32,34,34,36,38,40,42,44,48,52,56,62,66,72,78,84,92,100,106,114,122,132,144,152,164,176,188,200,212,226,240,254,270,286,302,318,336,354,372,392,412,432,454,476,498,522,546,570,596,624,650,678,706,734,764,794,826,858,890,924,958,992,1028,1064,1098,1136,1174,1212,1252,1292,1332,1374,1416,1460,1502,1546,1592,1638,1684,1728,1776,1824,1872,1918,1968,2016,2066,2114,2164,2214,2266,2318,2368,2420,2470,2522,2572,2624,2676,2730,2782,2834,2888,2940,2992,3046,3098,3148,3200,3250,3300,3352,3402,3452,3502,3550,3598,3648,3698,3746,3794,3844,3890,3936,3984,4028,4072,4114,4156,4198,4240,4280,4318,4356,4392,4428,4462,4496,4528,4558,4588,4616,4644,4670,4694,4716,4738,4760,4778,4796,4812,4826,4840,4852,4862,4872,4878,4884,4888,4892,4894,4892,4892,4888,4884,4876,4870,4862,4850,4840,4828,4816,4800,4784,4768,4748,4730,4708,4686,4662,4638,4612,4584,4554,4526,4494,4462,4430,4396,4360,4326,4288,4250,4212,4172,4134,4094,4052,4010,3968,3926,3882,3838,3794,3750,3706,3662,3618,3574,3530,3486,3442,3398,3354,3310,3266,3222,3178,3134,3090,3048,3006,2964,2922,2880,2838,2798,2758,2718,2678,2640,2604,2566,2530,2496,2460,2424,2392,2358,2324,2290,2258,2226,2196,2166,2136,2106,2076,2048,2020,1994,1966,1940,1914,1888,1862,1838,1816,1792,1768,1744,1722,1700,1678,1656,1634,1616,1596,1576,1556,1536,1516,1498,1480,1462,1444,1426,1410,1392,1374,1358,1342,1326,1310,1294,1278,1262,1246,1230,1216,1202,1188,1174,1160,1146,1132,1118,1104,1090,1076,1064,1052,1040,1028,1016,1004,992,982,970,958,946,934,922,910,898,886,874,864,854,844,834,824,814,804,794,786,776,766,756,746,736,726,716,706,696,686,676,668,660,652,644,636,630,622,614,606,598,590,582,574,566,560,552,544,538,532,526,520,514,508,502,496,490,484,478,472,466,460,454,448,444,440,436,434,430,426,422,418,414,410,406,402,398,396,394,392,390,388,386,384,382,380,378,376,374,374,374,374,374,374,374,374,374,374,374,376,378,380,382,384,386,388,390,392,394,396,398,402,406,410,414,418,422,426,430,434,436,440,444,450,456,462,468,474,480,486,492,498,504,510,516,522,528,534,540,546,552,558,564,570,576,582,588,594,600,606,612,618,624,630,634,640,646,652,658,664,670,676,682,688,694,700,706,712,718,722,726,730,734,738,742,746,750,754,758,762,766,770,772,774,776,778,780,782,784,786,788,790,790,792,792,792,792,792,792,792,792,792,792,792,792,790,788,786,784,782,780,778,776,774,772,770,768,766,764,762,760,758,756,754,752,750,748,746,744,740,738,734,730,726,722,718,714,710,706,702,698,694,690,686,682,678,674,670,666,662,660,658,656,654,652,650,648,646,644,642,640,638,636,634,632,630,628,626,624,622,620,620,620,620,620,620,620,620,620,620,620,620,620,620,620,620,620,620,620,620,620,620,620,620,620,620,620,620,620,620,620,620,620,620,620,620,620,620,622,622,622,622,622,622,622,622,622,622,622,622,622,622,622,622,622,622,622,622,622,624,624,624
312,316,320,324,328,332,336,340,342,344,346,348,350,352,354,354,356,358,360,360,360,360,360,360,360,360,360,360,360,360,360,358,356,354,354,352,350,348,344,342,340,338,336,334,332,330,328,326,324,322,320,318,316,314,312,310,308,306,304,300,298,296,294,292,290,288,286,284,282,280,278,276,274,272,270,268,266,264,262,260,258,256,254,252,250,248,244,242,240,238,236,234,232,230,226,224,222,220,218,216,214,212,208,206,204,202,200,198,194,192,190,188,186,182,180,178,176,174,170,168,166,164,160,158,156,154,150,148,146,142,140,138,134,132,128,126,122,120,116,112,110,106,102,98,94,92,88,84,82,80,78,76,74,72,70,68,66,64,62,60,58,56,54,52,50,48,46,44,42,40,40,40,40,40,40,40,40,40,40,40,40,42,44,46,48,50,52,56,58,60,64,68,72,76,80,84,90,96,102,108,114,120,126,134,142,150,158,166,176,186,196,206,216,228,240,252,264,278,292,306,320,334,350,366,382,398,416,434,452,470,490,510,530,552,576,596,620,642,666,690,714,742,766,792,820,848,876,906,936,966,996,1028,1060,1092,1126,1160,1194,1228,1262,1298,1334,1372,1410,1448,1484,1524,1564,1604,1644,1684,1726,1768,1810,1852,1894,1938,1982,2026,2068,2112,2158,2204,2248,2294,2340,2386,2432,2476,2522,2568,2614,2658,2704,2750,2796,2840,2886,2932,2978,3024,3068,3112,3156,3200,3242,3286,3328,3370,3412,3452,3492,3532,3572,3610,3646,3684,3720,3754,3790,3824,3856,3888,3920,3948,3978,4008,4034,4062,4088,4112,4136,4158,4178,4198,4218,4234,4252,4268,4282,4294,4306,4318,4328,4336,4344,4350,4356,4358,4362,4364,4364,4364,4360,4358,4354,4348,4342,4336,4326,4316,4304,4294,4280,4266,4250,4236,4218,4198,4180,4158,4136,4112,4090,4066,4040,4016,3988,3960,3932,3902,3872,3842,3810,3778,3744,3710,3676,3640,3604,3568,3530,3492,3454,3414,3376,3336,3296,3256,3214,3174,3132,3090,3048,3006,2966,2924,2882,2840,2800,2758,2716,2674,2632,2592,2550,2508,2466,2424,2382,2342,2300,2260,2220,2180,2140,2100,2060,2022,1984,1946,1908,1870,1834,1798,1762,1728,1694,1660,1626,1594,1562,1530,1498,1468,1438,1408,1380,1352,1324,1296,1270,1246,1220,1196,1172,1148,1124,1102,1080,1060,1040,1020,1000,980,962,944,926,908,892,876,862,846,832,818,804,790,778,766,754,742,730,720,710,702,692,684,676,668,660,652,644,638,634,628,622,616,610,606,602,598,594,590,586,582,580,578,576,574,572,570,568,566,566,566,566,566,566,566,566,566,566,566,568,570,572,574,576,578,580,582,584,586,588,590,592,594,596,598,600,602,604,606,608,610,612,616,618,620,624,626,630,634,636,640,644,648,652,656,660,664,668,670,672,672,674,676,678,680,682,684,686,688,690,692,694,696,698,700,702,704,706,708,708,710,712,714,716,718,720,722,722,722,722,722,722,722,720,720,720,720,720,720,720,720,720,720,720,720,720,720,720,720,718,718,718,718,718,718,718,718,718,718,718,718,718,718,718,718,718,718,718,718,718,720,720,720,720,720,720,720,720,720,720,720,720,722,722,722,722,722,722,722,722,722,722,722,722,722,722,722,722,722,722,722,720,718,716,714,712,710,708,706,704,702,700,698,696,694,692,690,688,686,684,682,680,678,674,670,666,662,658,654,650,646,642,638,634,630,626,622,618,614,610,606,602,598,594,590,588,584,580,576,572,568,564,558,554,550,544,540,534,530,524,520,514,508,502,498,494,490,486,482,478,474,470,466,462,458,454,450,446,442,438,434,430,426,422,418,414,410,406,402,398,396,394,392,392,390,388,386,384,382,380,378,376,374,372,370,368,366,364,362,360,358,356,354,352,350,350,350,350,350,350,350,350,350,350,350,350,350,350,350,350,350,350,350,350,350,350,350,350,350,350,350,350,350,350,350,350,350,350,350,350,350,348,348,348,348,348,348,348,348,348,348,348,348,348
258,262,264,266,268,270,272,274,276,278,280,282,284,286,288,288,288,288,288,288,288,288,288,288,288,288,288,288,288,286,284,282,280,278,276,274,272,270,268,268,266,264,262,260,258,256,254,252,250,248,246,244,242,240,238,236,234,232,230,228,226,224,222,220,218,216,214,212,210,208,206,204,202,200,198,196,194,194,192,190,188,186,184,184,184,184,184,184,184,184,184,184,184,184,184,184,184,184,184,184,184,184,186,188,190,192,194,194,196,198,200,202,206,210,214,218,222,226,230,234,238,244,250,256,262,268,274,280,288,296,304,312,320,330,340,350,360,370,380,392,404,416,428,438,452,466,480,494,508,524,540,556,572,588,606,624,642,660,678,696,714,734,754,774,794,816,838,860,882,904,926,950,974,998,1022,1046,1068,1092,1116,1142,1170,1196,1222,1248,1274,1300,1326,1352,1378,1404,1432,1460,1488,1516,1544,1574,1602,1630,1658,1686,1714,1742,1770,1798,1826,1854,1882,1908,1936,1964,1992,2020,2048,2074,2098,2124,2150,2176,2202,2228,2254,2280,2304,2328,2352,2376,2400,2424,2448,2470,2490,2512,2534,2556,2576,2596,2616,2636,2654,2674,2694,2710,2728,2746,2762,2780,2796,2812,2826,2842,2858,2874,2886,2900,2914,2928,2942,2956,2966,2978,2990,3002,3014,3026,3036,3046,3056,3066,3076,3086,3096,3104,3112,3120,3128,3138,3146,3154,3162,3168,3174,3182,3188,3194,3200,3206,3212,3220,3226,3230,3234,3238,3242,3248,3252,3256,3260,3264,3268,3272,3276,3280,3284,3288,3292,3294,3296,3298,3300,3302,3304,3306,3308,3308,3310,3312,3314,3314,3316,3318,3320,3322,3322,3324,3326,3328,3330,3328,3328,3328,3328,3328,3326,3326,3326,3326,3326,3324,3322,3320,3318,3316,3314,3310,3308,3304,3300,3296,3290,3286,3282,3276,3270,3262,3256,3250,3242,3232,3224,3216,3208,3198,3188,3180,3170,3160,3148,3136,3124,3110,3098,3084,3070,3054,3040,3024,3008,2990,2974,2956,2938,2918,2900,2880,2862,2840,2818,2798,2776,2752,2730,2706,2682,2660,2634,2608,2584,2558,2532,2508,2482,2454,2426,2400,2372,2344,2316,2288,2260,2232,2204,2178,2150,2120,2090,2060,2030,2002,1972,1942,1912,1882,1852,1822,1794,1764,1736,1708,1680,1652,1624,1596,1568,1540,1514,1488,1462,1436,1410,1384,1360,1336,1312,1288,1264,1242,1220,1198,1176,1156,1136,1116,1096,1076,1058,1040,1022,1006,990,974,960,944,930,918,906,894,884,874,864,854,846,838,830,824,818,810,806,802,798,796,792,790,788,788,788,788,788,790,792,794,796,800,804,808,812,816,822,828,834,840,844,852,860,868,876,884,892,900,908,916,926,936,946,956,966,976,986,996,1006,1016,1026,1034,1044,1054,1064,1074,1084,1094,1104,1114,1122,1130,1138,1146,1154,1162,1170,1178,1186,1194,1200,1206,1212,1218,1224,1228,1234,1240,1246,1250,1254,1258,1262,1266,1270,1274,1278,1282,1284,1286,1288,1290,1292,1294,1296,1298,1300,1302,1304,1306,1306,1306,1306,1306,1306,1306,1306,1306,1306,1306,1306,1306,1306,1306,1306,1306,1306,1306,1306,1306,1306,1306,1306,1306,1306,1306,1306,1306,1306,1306,1306,1306,1306,1306,1308,1310,1312,1314,1316,1318,1320,1322,1324,1326,1328,1330,1332,1334,1336,1338,1340,1342,1344,1346,1348,1350,1352,1354,1356,1358,1362,1366,1370,1374,1378,1382,1386,1390,1394,1398,1402,1406,1410,1414,1418,1420,1422,1424,1424,1426,1428,1430,1432,1434,1436,1438,1440,1442,1444,1444,1444,1444,1444,1444,1444,1444,1444,1444,1442,1440,1438,1436,1434,1432,1430,1428,1426,1424,1422,1418,1414,1410,1406,1402,1398,1394,1388,1382,1376,1370,1364,1358,1352,1346,1340,1334,1326,1318,1312,1304,1296,1288,1280,1272,1266,1258,1250,1242,1234,1228,1220,1212,1204,1196,1186,1176,1166,1156,1146,1136,1126,1116,1106,1098,1088,1078,1068,1058,1048,1038,1028,1018,1008,998,988,978,968,960,952,944,936,928,920,912,906,898,890,882,874,866,860,854,848,842,836,830,824,818,812,808,804,800,796,792,788,784,780,774,770,768,766,764,762,760,758,756,752,750,748,748,748,748,748,748,748,750,750,750,750,750,750,750,750,750,750,750,750,750,750,750,750,750,750,750,750,750,750,750,750,750,750,750,750,752,752,752,752,752,752,752,752,752,752,752,752,754,754
102,102,102,102,102,102,102,102,102,102,102,102,102,102,102,102,102,102,102,100,100,100,100,100,100,100,100,100,100,102,104,106,108,110,110,112,114,116,120,124,126,128,132,138,142,146,152,160,168,176,184,194,204,214,224,234,246,258,272,286,300,316,332,346,364,382,402,422,442,462,484,508,532,556,580,606,634,662,690,720,752,784,818,850,886,922,958,996,1036,1074,1114,1156,1198,1242,1286,1330,1378,1426,1474,1524,1574,1626,1680,1732,1786,1840,1896,1954,2012,2070,2130,2192,2254,2314,2378,2442,2506,2572,2638,2702,2770,2838,2904,2974,3044,3112,3182,3254,3324,3396,3468,3538,3610,3680,3752,3824,3894,3966,4038,4108,4180,4252,4322,4394,4466,4536,4606,4676,4746,4816,4884,4952,5020,5088,5154,5220,5284,5348,5412,5472,5534,5594,5654,5712,5770,5828,5882,5938,5992,6046,6096,6146,6196,6244,6290,6336,6380,6424,6464,6506,6546,6582,6620,6654,6688,6722,6754,6782,6810,6838,6864,6888,6910,6932,6952,6970,6990,7006,7020,7032,7044,7054,7062,7070,7076,7078,7080,7080,7080,7078,7076,7070,7062,7054,7044,7032,7018,7004,6988,6970,6950,6930,6908,6884,6862,6836,6808,6778,6748,6716,6682,6646,6610,6572,6532,6492,6450,6406,6364,6318,6270,6222,6172,6120,6068,6014,5960,5906,5848,5792,5734,5672,5612,5550,5488,5422,5358,5292,5224,5158,5090,5020,4950,4880,4808,4736,4662,4590,4516,4442,4368,4292,4218,4142,4068,3992,3918,3842,3766,3692,3616,3542,3466,3390,3318,3244,3170,3098,3024,2954,2882,2810,2742,2672,2602,2536,2468,2400,2334,2270,2206,2142,2082,2020,1960,1900,1844,1786,1730,1674,1622,1568,1516,1464,1414,1366,1318,1270,1224,1180,1136,1094,1052,1014,974,936,898,862,826,792,758,726,694,664,634,606,578,552,526,502,478,456,434,412,392,372,352,334,316,300,284,270,256,242,230,216,204,194,184,174,166,156,148,142,136,130,124,120,116,112,110,108,106,104,102,102,102,102,102,104,106,108,110,112,114,118,122,126,130,134,138,142,148,154,160,166,172,178,184,190,196,204,212,220,228,236,244,252,260,268,276,282,290,298,306,314,322,330,338,346,354,362,370,378,386,396,404,414,424,434,444,454,464,474,482,492,502,512,522,532,542,552,562,572,582,592,602,612,622,632,642,652,662,672,684,694,704,714,724,734,744,754,764,772,784,794,804,812,822,832,840,850,858,868,876,884,894,904,914,924,934,944,952,962,972,982,992,1002,1012,1022,1032,1042,1052,1062,1072,1082,1092,1102,1114,1126,1138,1148,1160,1172,1184,1196,1208,1222,1236,1250,1264,1278,1292,1306,1322,1338,1352,1368,1384,1400,1416,1434,1452,1470,1488,1506,1524,1542,1562,1582,1602,1622,1642,1664,1686,1708,1730,1750,1772,1794,1816,1840,1864,1888,1912,1934,1958,1982,2006,2030,2054,2078,2102,2126,2148,2172,2196,2222,2248,2274,2298,2324,2350,2376,2402,2426,2448,2472,2496,2520,2544,2568,2590,2614,2638,2660,2682,2704,2726,2746,2768,2788,2808,2826,2846,2866,2886,2902,2920,2938,2956,2972,2988,3004,3020,3036,3048,3062,3076,3090,3102,3116,3128,3140,3150,3160,3168,3178,3186,3194,3202,3208,3214,3220,3224,3228,3232,3236,3238,3240,3242,3242,3242,3242,3240,3238,3236,3234,3230,3226,3222,3216,3210,3204,3198,3190,3182,3174,3166,3158,3148,3138,3128,3116,3104,3092,3080,3068,3054,3040,3026,3012,2998,2982,2966,2952,2936,2920,2904,2888,2870,2852,2834,2816,2798,2780,2764,2746,2728,2710,2692,2674,2656,2638,2620,2602,2584,2566,2548,2530,2512,2492,2472,2454,2434,2414,2396,2378,2362,2344,2326,2308,2290,2272,2254,2238,2220,2202,2184,2166,2148,2132,2114,2096,2078,2060,2042,2026,2008,1990,1972,1954,1938,1924,1908,1892,1876,1860,1844,1828,1812,1796,1782,1766,1750,1734,1718,1702,1686,1672,1658,1646,1632,1618,1604,1590,1576,1562,1548,1534,1522,1508,1494,1480,1466,1452,1440,1428,1416,1404,1392,1380,1370,1358,1346,1334,1322,1310,1298,1286,1274,1264,1254,1244,1234,1224,1214,1204,1194,1184,1176,1166,1158,1150,1142,1134,1126,1118,1110,1102,1094,1086,1080,1074,1068,1062,1056,1050,1044,1038,1032,1028,1024,1020,1016,1012,1008,1004,1000,996,994,992,990,988,986,984,984,982,980,980,980,980,980,980,980,980,980,980,980,980,980,980,980,980,980,980,980
248,250,252,254,256,258,260,262,264,266,268,270,272,274,276,278,278,278,278,278,278,278,278,278,278,278,278,278,278,278,278,278,278,278,278,278,278,278,276,276,276,276,274,274,274,272,272,268,268,266,266,264,262,262,260,258,258,256,254,254,252,250,250,248,246,246,244,242,240,240,238,236,234,234,232,230,228,228,226,224,222,220,220,218,216,214,214,212,210,208,208,206,204,202,202,200,198,196,196,194,192,192,190,188,186,186,186,186,186,186,186,186,186,186,186,186,186,186,186,186,186,186,186,186,186,186,186,186,186,186,186,186,186,186,186,186,186,186,186,186,186,186,186,186,186,186,186,186,186,186,186,186,186,188,190,192,194,196,198,200,202,204,206,208,210,212,214,216,218,220,222,224,226,228,230,232,234,236,238,240,242,244,246,248,250,252,254,256,258,260,262,266,270,274,276,280,284,288,292,296,300,304,308,312,316,320,324,328,332,336,340,344,348,352,356,360,364,368,372,376,380,384,388,392,396,400,404,408,412,416,420,424,430,436,442,448,454,460,466,472,476,482,488,494,500,506,512,518,524,530,536,542,548,554,560,566,572,578,584,590,596,602,608,614,620,626,634,642,650,658,666,672,680,688,696,704,712,720,728,736,744,752,760,768,776,784,792,800,808,816,824,832,840,848,856,864,870,878,886,894,902,910,916,922,928,934,940,946,952,958,964,972,978,984,990,996,1002,1008,1014,1018,1022,1026,1028,1032,1036,1040,1044,1048,1052,1056,1060,1064,1068,1072,1076,1080,1084,1086,1088,1090,1092,1094,1096,1098,1100,1102,1104,1106,1108,1110,1112,1114,1116,1118,1120,1122,1124,1126,1128,1130,1132,1134,1136,1138,1140,1142,1144,1146,1148,1150,1152,1154,1154,1156,1158,1160,1162,1164,1166,1168,1170,1172,1174,1176,1178,1180,1182,1184,1186,1186,1188,1190,1192,1196,1198,1200,1202,1204,1206,1206,1206,1206,1206,1206,1206,1206,1206,1206,1206,1206,1206,1204,1202,1202,1200,1198,1196,1194,1192,1188,1184,1180,1176,1172,1168,1164,1160,1156,1152,1148,1142,1136,1130,1124,1118,1112,1106,1102,1096,1090,1084,1078,1072,1066,1060,1054,1048,1042,1034,1026,1018,1010,1002,994,986,978,970,962,954,946,938,930,922,914,908,900,892,884,876,868,860,852,844,836,828,820,814,808,802,796,790,784,778,772,766,760,754,748,744,740,736,732,728,724,720,716,712,710,708,706,704,702,700,698,698,696,696,696,696,696,698,700,702,704,706,710,714,718,722,726,730,736,742,748,754,762,770,778,786,794,804,814,824,832,842,854,866,878,890,902,916,930,944,958,972,986,1000,1016,1032,1048,1064,1080,1096,1114,1132,1150,1168,1186,1202,1220,1238,1256,1274,1292,1310,1328,1346,1364,1382,1400,1418,1438,1458,1476,1494,1512,1530,1548,1566,1582,1600,1618,1636,1654,1672,1690,1708,1724,1740,1756,1772,1786,1802,1818,1832,1846,1860,1874,1888,1900,1912,1924,1936,1948,1958,1968,1978,1986,1994,2002,2010,2018,2024,2030,2036,2042,2046,2050,2054,2056,2058,2060,2062,2062,2062,2062,2060,2058,2056,2054,2050,2046,2042,2038,2032,2026,2020,2012,2006,1998,1990,1980,1970,1960,1950,1940,1930,1918,1906,1894,1884,1870,1856,1842,1830,1816,1800,1784,1768,1752,1736,1720,1704,1688,1670,1652,1634,1616,1598,1580,1562,1544,1526,1508,1492,1474,1454,1434,1414,1394,1374,1354,1334,1314,1296,1276,1256,1236,1216,1196,1176,1156,1136,1118,1102,1084,1066,1048,1030,1012,994,976,958,940,922,906,890,874,858,842,826,810,794,778,762,746,732,718,704,690,676,664,650,636,622,610,598,586,574,562,550,538,526,514,502,492,482,472,462,452,442,432,422,412,400,392,382,374,366,358,350,342,334,326,318,310,302,294,288,282,276,270,264,258,252,246,242,236,230,224,220,216,212,208,204,200,196,192,188,184,180,176,174,172,170,168,166,164,162,160,158,156,154,152,150,148,148,148,148,148,148,148,148,148,148,148,148,148,148,148,148,148,148,148,148,148,148,148,148,148,148,148,148,148,148,148,148
286,290,294,298,302,306,308,310,312,314,316,318,320,322,324,326,328,328,328,328,328,328,328,328,328,328,328,328,328,328,328,328,328,328,328,328,328,328,328,328,328,328,328,326,326,326,324,324,322,322,320,320,316,314,312,312,310,310,308,306,304,302,300,300,298,296,294,294,292,290,290,288,286,282,282,280,278,276,276,274,272,270,268,268,266,264,262,262,260,256,254,254,252,250,248,248,246,244,242,240,238,238,236,234,232,230,228,224,224,222,220,218,216,214,214,212,210,208,206,206,204,202,200,200,198,196,194,192,190,190,188,186,184,182,180,180,178,174,172,170,168,168,166,164,162,160,160,158,156,154,152,152,150,148,146,146,144,142,142,140,138,136,136,134,132,132,130,128,126,126,124,122,120,120,118,116,116,114,112,110,108,108,106,104,102,102,100,98,96,96,94,92,92,92,92,92,92,92,92,92,92,92,92,92,92,92,92,92,92,92,92,92,92,92,92,92,92,92,92,92,92,92,92,92,92,92,92,92,92,92,92,92,92,92,92,92,92,92,92,92,92,94,96,98,100,102,104,106,108,110,112,114,116,118,120,122,124,126,128,130,132,134,136,138,140,144,148,152,156,160,164,168,172,176,180,184,188,192,196,200,204,208,212,216,222,228,234,240,246,252,258,264,270,276,282,288,294,300,306,312,318,326,334,342,350,358,366,374,382,390,398,406,414,422,430,436,444,454,464,472,482,492,502,512,522,532,542,552,562,572,582,592,602,614,626,638,650,662,674,686,698,710,720,732,744,756,768,780,792,804,816,828,840,852,864,876,888,900,910,922,934,946,958,970,982,994,1006,1018,1030,1042,1054,1066,1078,1090,1102,1112,1124,1136,1148,1160,1172,1184,1196,1208,1220,1230,1240,1250,1260,1270,1282,1292,1302,1312,1322,1332,1340,1350,1358,1366,1374,1382,1390,1400,1406,1412,1418,1424,1430,1436,1442,1446,1450,1454,1458,1462,1466,1470,1472,1474,1476,1478,1480,1480,1480,1480,1480,1480,1480,1478,1476,1474,1472,1470,1466,1462,1458,1454,1450,1446,1440,1434,1426,1420,1414,1408,1400,1392,1384,1376,1368,1358,1348,1338,1328,1318,1308,1298,1286,1276,1266,1254,1242,1230,1218,1206,1194,1182,1168,1156,1144,1132,1120,1108,1096,1084,1070,1058,1044,1030,1016,1002,988,974,960,946,932,918,904,890,876,864,850,836,822,808,794,780,766,752,738,726,714,702,690,678,668,656,644,632,620,608,596,584,572,562,552,542,532,522,512,502,492,482,474,466,458,450,442,434,426,418,410,402,396,390,384,378,372,366,360,354,350,346,342,338,334,330,326,322,320,318,316,314,312,310,308,306,306,308,308,308,308,308,308,308,310,312,314,314,316,318,320,324,326,328,332,336,340,344,348,352,354,358,362,366,370,374,380,386,392,398,404,410,416,422,428,434,440,446,452,458,464,470,476,482,488,494,500,506,512,518,524,530,536,542,548,552,558,564,570,576,582,588,594,600,606,612,618,624,628,632,636,640,644,648,652,656,660,664,668,672,676,678,680,682,684,686,688,690,692,694,696,698,698,698,698,698,698,698,698,698,698,698,698,698,698,696,694,692,690,688,686,684,682,680,678,676,672,672,670,666,664,662,660,658,656,656,654,652,648,644,640,636,632,628,624,620,616,612,608,604,600,596,592,590,586,582,578,574,570,566,562,558,554,550,546,542,538,534,530,526,522,518,514,510,506,502,498,494,490,486,482,478,474,470,466,462,458,454,450,446,442,440,438,436,434,432,430,428,426,424,422,420,418,416,414,412,410,408,406,404,402,400,398,398,398,398,398,398,398,398,398,398,398,398,398,398,398,398,398,398,398,398,398,398,398,398,398,398,398,398,398,398,398,398,398,398,398,398,398,398,398,398,398,400,400,400,400,400,400,402,402,402,402,402,404,404,404,404,404,404,404,404,404,404,406
250,254,258,262,266,268,270,272,274,276,278,280,282,284,286,288,290,292,294,294,294,294,294,294,294,294,292,292,292,292,292,292,292,292,292,292,292,292,292,292,292,292,292,292,292,292,292,292,292,292,290,290,290,290,288,286,284,284,284,282,282,280,280,278,278,278,276,276,274,274,272,272,272,270,270,268,266,266,266,264,264,264,266,264,264,264,264,262,262,262,260,260,260,260,260,258,258,258,258,258,256,256,256,256,256,254,254,254,254,252,252,252,252,250,250,250,250,248,248,246,246,246,244,244,242,242,240,238,238,236,234,232,230,228,226,224,222,220,218,216,214,212,210,208,206,204,202,200,198,196,194,192,190,188,186,184,182,180,178,176,174,172,170,168,166,164,162,160,158,158,156,154,152,150,148,146,144,142,140,138,138,136,134,132,130,130,128,126,124,124,122,122,120,118,118,116,116,114,114,112,112,110,110,108,108,106,106,106,104,104,102,102,102,100,100,100,98,98,98,98,98,96,96,96,96,96,96,94,94,94,94,94,94,94,94,92,92,92,92,92,92,92,92,92,92,92,92,92,92,92,92,92,92,92,90,90,90,90,90,90,90,90,90,90,90,90,90,90,90,90,90,90,90,90,90,90,90,90,90,90,90,90,90,90,90,90,90,88,88,88,88,88,88,88,88,88,86,86,86,86,86,86,84,84,84,84,84,84,84,84,84,84,84,84,84,84,84,84,84,84,84,84,84,84,84,84,84,84,84,84,84,84,84,84,84,84,84,84,84,86,86,86,86,86,86,86,86,86,86,86,86,86,86,86,86,86,86,86,86,86,86,86,86,86,86,86,86,86,86,86,88,90,92,94,96,98,100,102,104,106,108,110,112,116,116,118,120,122,126,128,132,136,140,144,148,152,156,160,164,168,172,176,180,184,188,192,196,200,206,212,218,224,230,236,242,248,254,260,266,272,276,282,288,294,300,308,316,324,332,340,348,356,364,372,380,388,396,404,412,420,428,436,444,452,460,468,474,482,490,498,506,514,522,530,538,546,554,562,572,580,588,596,604,614,622,630,640,648,656,666,672,682,690,698,706,714,722,730,738,746,754,762,770,778,786,792,800,808,816,824,832,840,848,856,864,872,880,888,896,904,912,920,926,932,938,944,948,954,960,966,972,978,984,990,996,1002,1008,1014,1020,1024,1028,1032,1036,1040,1044,1048,1052,1056,1060,1064,1068,1072,1076,1080,1084,1086,1088,1090,1092,1094,1096,1098,1100,1102,1104,1106,1108,1110,1112,1114,1116,1118,1120,1122,1124,1126,1128,1130,1132,1134,1136,1138,1140,1142,1142,1142,1142,1142,1142,1142,1142,1142,1142,1142,1142,1142,1142,1142,1142,1142,1142,1142,1142,1142,1142,1142,1142,1142,1142,1142,1142,1142,1142,1142,1142,1142,1142,1140,1138,1136,1134,1132,1130,1128,1126,1124,1122,1120,1118,1116,1114,1112,1110,1108,1106,1102,1098,1094,1090,1086,1080,1076,1072,1068,1064,1060,1056,1052,1046,1040,1034,1028,1022,1016,1010,1002,996,992,986,980,974,966,958,950,942,934,926,918,910,904,896,888,880,872,864,856,848,840,832,824,816,808,800,792,784,776,768,760,752,744,736,728,720,712,706,698,690,682,674,666,658,650,642,634,626,618,612,606,600,594,588,582,576,570,564,558,552,548,544,540,536,532,528,524,520,516,512,510,508,506,504,502,500,498,496,494,492,490,488,486,486,486,486,486,486,486,486,486,486,486,486,486,486,486,486,486,486,486,486,486,486,486,486,488,488,488,488,490,490,490,492,492,494,494,496,496,498,498,500,502,504,504,506,508,508,510,512,514,514,516,516,518,520,520,522,522,524,524,524,526,526,526,528,528,528,528,530,530,530,530,530,532,532,532,532,532,532,532,532,532,532,532,534,534,534,534,534,534,534,534,534,534,534,534,534,534,534,534,534,534,534,534,534,534,534,534,534
252,256,260,264,268,270,272,272,274,276,278,280,282,284,286,288,290,292,294,294,294,294,294,294,294,294,294,294,294,294,294,294,294,294,294,294,294,294,294,294,294,294,294,294,292,292,292,290,290,290,288,288,286,286,284,284,280,280,278,278,276,276,274,272,272,270,266,266,264,262,262,262,260,260,258,256,256,254,254,252,250,250,248,248,246,246,244,242,242,240,240,238,238,236,236,234,234,232,230,230,228,226,226,224,224,222,222,220,218,218,216,216,214,214,212,210,210,208,208,206,206,204,202,202,200,200,198,196,196,194,192,192,190,188,188,186,186,184,184,182,180,180,178,178,176,176,174,174,172,172,170,168,168,166,164,164,162,160,160,158,156,156,154,152,152,150,148,148,146,144,144,142,140,140,138,136,134,134,132,130,130,128,128,126,124,124,122,122,120,118,118,116,116,114,114,112,112,110,110,108,108,106,106,104,104,104,102,102,102,102,102,102,102,102,102,102,102,102,102,102,102,102,102,102,102,102,102,102,102,102,102,102,102,102,102,102,102,102,102,102,102,102,102,102,102,102,102,102,102,102,102,102,102,102,102,102,102,102,102,102,102,102,102,102,102,102,102,102,102,102,102,102,102,102,102,102,102,102,102,102,102,102,102,102,102,102,102,102,102,102,102,102,102,102,102,102,102,102,102,102,102,102,102,102,102,102,102,102,102,102,102,102,102,102,102,102,102,102,102,102,102,102,102,102,102,102,102,102,102,102,102,102,102,102,102,102,102,102,102,102,102,102,102,102,102,102,102,102,102,102,102,102,102,102,102,104,104,104,104,104,104,104,104,104,104,104,104,104,104,104,104,104,104,104,104,104,104,104,104,104,104,104,104,104,104,104,104,104,104,104,104,104,106,106,106,106,106,106,106,106,106,106,106,106,106,106,106,106,106,106,106,106,106,106,108,108,108,108,108,108,108,108,108,108,108,108,108,108,108,110,110,110,110,110,110,110,110,110,110,110,112,112,112,112,112,112,112,112,112,114,114,114,114,114,114,114,116,116,116,116,116,116,116,118,118,118,118,118,120,120,120,120,120,120,122,122,122,122,122,122,122,122,122,122,122,122,122,122,122,122,122,122,122,122,122,122,122,122,122,122,122,122,122,122,122,122,122,122,122,122,122,122,122,122,122,122,124,124,124,124,124,124,124,124,124,124,126,126,126,126,126,128,128,128,128,128,130,130,130,130,130,132,132,132,132,134,134,134,134,134,136,136,136,136,136,136,136,136,136,136,136,136,136,136,136,136,136,136,136,136,136,136,136,136,136,136,136,136,136,136,136,136,136,136,136,136,136,136,136,136,138,140,142,144,146,148,150,152,154,156,158,160,162,164,166,168,170,172,174,178,182,186,190,194,198,202,206,210,214,218,222,228,234,240,246,252,258,264,270,276,282,288,296,304,312,320,328,336,344,352,360,370,380,390,400,410,420,430,440,452,464,476,488,500,512,524,536,548,560,574,588,602,616,630,644,658,670,686,700,712,730,746,760,778,792,808,824,840,856,872,888,904,920,936,952,968,984,998,1014,1030,1046,1062,1078,1094,1110,1126,1142,1158,1174,1188,1204,1220,1236,1252,1268,1284,1300,1316,1332,1348,1364,1378,1390,1404,1418,1432,1446,1460,1474,1488,1502,1516,1528,1540,1550,1562,1574,1586,1598,1610,1618,1628,1638,1648,1658,1668,1674,1682,1690,1698,1706,1714,1720,1726,1732,1738,1744,1750,1756,1760,1764,1768,1772,1776,1780,1784,1786,1788,1792,1794,1796,1798,1800,1802,1806,1806,1806,1806,1806,1806,1806,1806,1806,1806,1806,1806,1806,1806,1806,1806,1806,1806,1806,1804,1804,1804,1802,1802,1800,1798,1796,1794,1792,1790,1788,1786,1784,1782,1782,1782,1782,1782,1782,1782,1782,1782,1782,1782,1782,1782,1782,1782,1782,1782,1782,1782,1782,1782,1782,1782,1782,1782,1782,1782,1782,1782,1782
234,238,242,246,250,254,258,260,262,264,266,268,270,272,272,274,276,278,280,282,284,286,288,288,288,288,288,288,288,288,288,288,288,288,288,288,288,288,288,288,288,288,288,288,286,286,286,286,286,286,286,286,286,284,284,284,284,284,284,282,282,282,282,280,280,278,278,278,278,278,276,276,276,276,274,274,274,274,272,272,272,272,270,270,270,268,268,268,266,266,266,264,264,264,262,262,262,260,260,258,258,258,256,256,254,254,252,252,250,250,248,248,246,246,244,244,242,240,240,238,238,236,234,232,232,230,228,228,226,224,222,220,220,218,216,214,212,210,208,206,206,204,202,200,198,196,194,192,190,188,186,184,182,180,178,176,174,172,170,168,166,164,162,160,160,158,156,154,152,150,148,146,144,142,142,140,138,136,136,134,132,132,130,130,128,126,126,124,124,122,122,120,120,118,118,118,118,116,116,116,114,114,112,112,112,110,110,110,108,108,108,108,106,106,106,106,106,106,106,104,104,104,104,104,104,104,104,104,104,104,104,104,104,104,102,102,102,102,102,102,102,102,102,102,102,102,102,102,102,102,102,102,102,102,102,102,102,102,102,102,102,102,102,102,102,102,102,102,102,102,102,102,102,102,102,102,102,102,102,102,102,102,102,102,102,102,102,102,102,102,102,102,102,102,102,102,102,102,104,104,104,104,104,104,104,104,104,104,104,104,104,104,104,104,104,104,104,104,104,104,104,104,104,104,104,104,104,104,104,104,104,104,104,104,104,104,104,104,104,104,104,102,102,102,102,102,102,102,102,102,100,100,100,100,98,98,98,96,96,96,96,96,96,96,96,96,96,96,96,96,96,96,96,96,96,96,96,96,96,96,96,96,96,96,96,96,96,96,96,96,96,96,96,96,96,96,96,96,96,96,96,96,96,96,96,96,96,96,96,96,96,96,96,96,96,96,96,96,96,96,96,96,96,96,96,96,96,96,96,96,96,96,96,96,96,96,98,98,98,98,98,98,98,98,98,98,98,98,98,98,98,100,100,100,100,100,100,100,100,100,100,100,102,102,102,102,102,102,102,102,102,104,104,104,104,104,104,104,106,106,106,106,106,106,108,108,108,108,108,108,110,110,110,110,110,112,112,112,112,112,114,114,114,114,114,114,114,114,114,114,114,114,114,114,114,114,116,116,116,116,116,116,116,116,116,116,116,116,116,116,116,118,118,118,118,118,118,118,118,118,118,118,120,120,120,120,120,120,120,120,120,122,122,122,122,122,122,122,124,124,124,124,124,124,126,126,126,126,126,126,128,128,128,128,128,130,130,130,130,130,132,132,132,132,132,132,132,134,134,134,134,134,134,134,136,136,136,136,136,136,136,136,136,136,138,140,142,144,146,148,150,152,154,156,158,160,162,164,166,168,170,172,174,176,178,180,182,184,188,190,194,196,200,206,210,214,218,222,226,230,234,238,242,246,250,254,258,264,270,276,282,288,294,300,306,312,318,324,332,338,344,352,360,368,376,384,392,400,408,416,424,432,440,448,456,464,474,484,494,504,514,524,534,544,554,564,574,584,594,604,614,624,632,642,654,666,678,690,702,714,726,738,750,762,774,786,798,810,822,832,844,856,868,880,892,904,916,928,940,952,964,976,988,1000,1012,1022,1034,1046,1058,1070,1082,1092,1102,1112,1122,1132,1142,1152,1162,1172,1182,1192,1202,1212,1220,1228,1236,1244,1252,1260,1268,1276,1284,1292,1300,1308,1316,1322,1328,1334,1340,1346,1352,1358,1364,1370,1376,1382,1386,1390,1394,1398,1402,1406,1410,1414,1418,1420,1422,1424,1426,1428,1430,1432,1434,1436,1438,1440,1442,1444,1446,1448,1450,1452,1454,1456,1458,1460,1460,1462,1464,1466,1466,1468,1468,1470,1470,1470,1470,1472,1472,1472,1472,1472,1472,1472,1472,1472,1472,1472,1472,1472,1472,1472,1472,1472,1472
250,254,258,262,264,266,268,270,272,274,276,278,280,282,284,286,288,290,290,290,290,290,290,290,290,290,290,290,290,290,290,290,290,290,290,290,290,290,290,290,290,288,288,288,288,288,286,286,286,284,284,282,282,280,280,278,278,276,276,274,274,272,272,270,270,268,264,264,262,262,260,258,258,256,256,254,252,250,250,248,246,244,242,240,240,238,236,236,234,234,232,230,230,228,226,222,222,220,218,216,216,214,212,210,210,208,206,206,204,202,202,198,196,196,196,194,194,192,190,190,188,188,186,186,184,182,182,180,180,178,176,176,174,174,172,170,170,168,168,166,166,164,164,162,162,160,160,158,158,156,156,154,154,152,152,150,150,148,148,146,146,144,142,142,140,140,138,138,136,136,134,132,132,130,130,128,128,126,126,124,124,122,122,120,120,118,118,116,116,114,114,112,112,112,110,110,108,108,108,108,106,106,106,104,104,104,104,102,102,102,102,102,102,102,102,102,102,102,102,102,102,102,102,102,102,102,102,102,102,102,102,102,102,102,102,102,102,102,102,102,102,102,102,102,102,102,102,102,102,102,102,102,102,102,102,102,102,102,102,102,102,102,102,102,102,102,102,102,102,102,102,102,102,102,102,102,102,102,102,102,102,102,102,102,102,102,102,102,102,102,102,102,102,102,102,102,102,102,102,102,102,102,102,102,102,102,102,102,102,102,102,102,102,102,102,102,102,100,100,100,100,100,100,100,100,100,100,100,100,100,100,100,98,98,98,98,98,98,96,96,96,96,96,94,94,94,94,92,92,92,92,90,90,90,90,88,88,88,86,86,86,86,86,86,86,86,86,86,86,86,86,86,86,86,86,86,86,86,86,86,86,86,86,86,86,86,86,86,86,86,86,86,86,86,86,86,86,86,86,86,86,86,86,86,86,86,86,86,86,86,86,86,86,86,86,86,86,86,86,86,86,86,86,86,86,86,86,86,86,86,86,86,86,86,86,86,86,86,86,86,86,86,86,86,86,86,86,86,86,86,86,86,86,86,86,86,86,86,86,86,86,86,86,86,86,86,86,86,86,86,86,86,86,86,86,86,86,86,86,86,86,86,86,86,86,86,86,86,86,86,86,86,86,86,86,86,86,86,86,86,86,86,86,86,86,86,86,86,86,86,86,86,86,86,86,86,86,86,86,86,88,90,92,94,96,98,100,102,104,106,108,110,112,114,116,118,120,122,124,126,128,130,132,134,136,138,140,142,146,150,154,158,162,166,170,174,178,182,186,190,194,198,202,206,210,214,218,222,226,230,234,236,240,244,248,252,256,260,264,268,274,278,282,286,292,296,300,306,310,316,320,326,330,336,342,348,352,358,364,370,374,378,382,386,390,394,398,402,406,410,414,418,422,426,430,434,438,442,446,450,454,458,462,466,470,472,474,476,478,480,482,484,486,488,490,492,494,496,498,500,502,502,502,502,502,502,502,502,502,502,502,502,502,502,502,502,502,502,502,502,502,502,502,500,498,496,494,492,490,488,486,484,482,480,478,476,474,472,470,468,466,464,462,460,458,458,456,454,452,450,448,446,444,442,440,438,436,434,432,430,428,426,424,424,424,424,424,424,424,424,424,424,424,424,424,424,424,424,426,428,430,432,434,436,438,440,442,444,446,450,454,458,462,466,470,474,478,482,486,490,494,498,504,510,516,522,528,534,540,546,552,556,562,568,574,580,586,592,598,604,612,620,628,636,644,652,660,668,676,684,692,700,708,716,724,732,740,748,754,762,770,778,786,794,802,808,814,820,826,832,838,844,850,856,862,868,874,878,882,886,890,894,898,902,906,910,914,916,918,920,922,924,926,928,930,932,934,936,938,940,942,944,946,946,946,946,948
238,242,246,250,254,258,262,264,266,268,270,272,274,276,278,280,282,284,286,288,290,290,290,290,290,290,290,290,290,290,290,288,288,288,288,288,288,288,288,286,286,286,286,286,286,286,286,282,282,282,282,282,282,280,280,280,278,276,276,276,276,274,274,274,272,270,270,268,268,268,268,268,266,266,266,266,264,264,264,262,262,262,260,260,260,260,258,258,258,258,258,256,256,256,256,254,254,254,254,252,252,252,252,250,250,250,248,248,248,246,246,246,244,244,242,242,242,240,240,238,238,236,236,234,234,232,232,230,230,228,228,226,226,224,222,222,220,218,216,214,212,210,208,206,204,202,200,198,196,196,194,192,190,188,186,184,182,180,178,176,174,172,170,168,166,164,162,160,158,156,154,152,150,148,148,146,144,142,140,138,136,134,132,132,130,128,128,126,124,122,122,120,118,118,116,116,114,112,112,110,108,108,106,106,104,104,102,102,100,100,98,98,96,96,96,96,96,96,96,94,94,94,94,94,94,94,94,94,94,94,94,94,94,94,94,94,94,94,94,94,94,94,94,94,94,94,94,94,94,94,94,94,94,94,94,94,94,94,94,94,94,94,94,94,94,94,94,94,94,94,94,94,94,94,94,94,94,94,94,94,94,94,94,94,94,94,94,94,94,94,94,94,94,94,94,94,94,94,94,94,94,94,94,94,94,94,94,94,94,94,94,94,94,94,94,94,94,94,94,94,94,94,94,94,94,94,94,94,94,94,94,94,94,94,94,94,94,94,94,94,94,94,94,94,94,94,94,94,94,94,94,94,94,94,94,94,94,94,94,94,94,94,94,94,94,94,94,94,94,94,94,94,94,94,94,94,94,94,94,94,94,94,94,94,94,94,94,94,94,94,94,94,94,94,94,94,94,94,94,94,92,92,92,92,92,92,90,90,90,90,88,88,88,88,86,86,86,86,86,86,86,86,86,86,86,86,86,86,86,86,86,86,86,86,86,86,86,86,86,86,86,86,86,86,86,86,86,86,86,86,86,86,86,86,86,86,86,86,86,86,86,86,86,86,86,86,86,86,86,86,86,86,86,86,86,86,86,86,86,86,86,86,86,86,86,86,86,86,86,86,86,86,86,86,86,86,86,86,86,86,86,86,86,86,86,86,86,86,88,90,92,94,96,98,100,102,104,106,108,110,112,114,116,118,120,122,124,126,128,130,132,134,136,138,140,142,144,146,150,156,158,162,166,170,174,178,182,186,190,194,198,202,206,210,214,218,222,226,230,236,238,242,246,250,254,258,262,270,274,280,286,292,298,306,312,316,322,328,336,342,348,354,358,366,372,378,384,390,396,402,408,414,420,426,432,438,444,450,456,462,468,474,480,486,492,498,504,510,516,522,528,534,540,546,550,556,562,568,574,580,584,588,592,596,600,604,608,612,616,620,624,628,632,636,640,644,648,652,656,660,664,668,670,672,674,676,678,680,682,684,686,688,690,692,694,696,698,700,702,704,706,708,710,710,710,710,710,710,710,710,710,710,710,710,710,710,710,710,710,710,710,710,710,710,710,710,710,710,710,710,710,708,708,708,708,708,706,706,706,704,704,702,702,700,700,698,698,696,696,694,690,688,688,688,688,688,688,688,688,688,688,688,686,686,686,686,686,686,686,686,686,686,686,686,686,686,686,686,686,686,686,686,686,686,686,686,686,686,686,686,686,686,686,686,686,686,686,686,686,686,686,686,686,686,686,686,686,686,686,686,686,686,686,686,686,686,686,686,686,686,686,686,686,686,686,686,686,686,686,686,686,686,686,686,686,686,686,686,686,686,686,686,686,686,686,686,686,686,686,686,686,686,686,686,686,686,686,686,686,686,686,686,686,686,686,686,686
294,298,302,306,310,314,316,318,320,322,324,326,328,330,332,334,336,336,336,336,336,336,336,336,336,336,336,336,336,336,336,336,336,336,336,336,336,336,336,336,336,334,334,332,332,330,328,326,324,324,322,320,318,318,316,314,312,310,308,306,306,304,302,300,298,296,296,294,292,290,288,288,286,284,282,280,280,278,276,276,276,274,272,270,270,268,266,266,264,264,262,262,260,260,258,258,256,256,254,254,254,252,252,250,250,250,248,248,246,246,246,244,244,242,242,240,240,238,238,236,236,236,236,234,232,232,230,228,228,226,224,224,222,220,220,218,216,214,212,212,210,208,206,204,202,200,200,198,196,194,192,190,188,186,184,182,180,178,176,174,172,170,170,168,166,164,162,160,158,156,154,152,150,148,148,146,144,142,140,138,136,134,132,132,130,128,126,124,122,120,118,118,116,114,112,110,108,108,106,106,106,106,106,106,106,106,106,106,106,106,106,106,106,106,106,106,106,106,106,106,106,106,106,106,106,106,106,106,106,106,108,108,108,108,108,108,108,108,108,108,108,108,108,108,108,108,108,108,108,108,108,108,108,108,108,108,108,108,108,108,108,108,108,108,108,108,108,108,108,108,108,108,108,108,108,108,108,108,108,108,108,108,108,108,108,108,108,108,108,108,108,108,108,108,108,108,108,108,108,108,108,108,108,108,108,106,106,106,106,106,106,106,104,104,104,104,104,104,102,102,102,102,102,102,100,100,100,100,100,98,98,98,98,96,96,96,96,94,94,94,94,92,92,92,92,92,92,92,92,92,92,92,92,92,92,92,92,92,92,92,92,92,92,92,92,92,92,92,92,92,92,92,92,92,92,92,92,92,92,92,92,92,92,92,92,92,92,92,92,90,90,90,90,90,90,90,90,90,90,90,90,90,90,90,90,90,90,90,90,90,90,90,90,90,90,90,90,90,90,90,90,90,90,90,90,90,90,90,90,90,90,90,90,90,90,90,90,90,90,90,90,90,90,90,90,90,90,90,88,88,88,88,88,88,88,88,88,88,88,86,86,86,86,86,84,84,84,84,84,82,82,82,82,82,80,80,80,80,78,78,78,76,76,76,76,74,74,74,72,72,72,70,70,70,68,68,68,66,66,66,64,64,64,62,62,62,60,60,60,58,58,56,56,56,54,54,54,52,52,52,50,50,50,50,48,48,48,46,46,46,44,44,44,42,42,42,40,40,40,38,38,38,38,36,36,36,34,34,32,32,30,30,28,28,26,24,24,22,22,20,18,18,16,14,14,12,10,8,8,6,4,4,2,2,2,4,4,4,4,4,4,4,4,4,4,6,6,6,6,6,6,6,6,6,8,8,8,8,8,10,10,10,14,14,16,18,20,20,24,26,28,28,30,34,38,42,46,50,54,58,62,66,72,78,84,90,96,102,108,116,124,132,140,148,156,166,176,186,196,206,216,228,240,252,264,276,290,306,318,334,348,362,380,394,412,428,446,464,482,500,520,540,560,580,600,622,644,666,688,712,736,760,784,808,834,860,886,912,938,966,994,1022,1052,1082,1112,1142,1172,1202,1232,1264,1296,1328,1360,1392,1424,1454,1488,1522,1556,1590,1624,1656,1690,1724,1758,1792,1826,1858,1894,1930,1966,2002,2038,2072,2108,2144,2180,2216,2250,2286,2322,2358,2392,2426,2458,2492,2526,2560,2594,2626,2660,2692,2724,2754,2786,2818,2850,2878,2908,2938,2966,2996,3024,3050,3078,3106,3130,3156,3182,3206,3230,3254,3276,3298,3320,3342,3360,3380,3400,3418,3436,3454,3472,3486,3502,3518,3530,3544,3558,3570,3580,3592,3604,3614,3624,3634,3640,3648,3656,3664,3670,3676,3682,3688,3692,3696,3700,3704,3708,3712,3714,3716,3718,3720,3722,3724,3726,3728,3730,3730,3730,3730,3730,3730,3730,3730,3730,3730,3730,3730,3730,3730,3730,3730,3730,3730,3730,3730,3730,3730,3730,3730,3730,3730,3730,3730,3730
274,278,282,286,290,294,296,298,300,302,304,306,308,310,312,314,316,318,320,320,320,320,320,320,320,320,320,320,320,320,320,320,320,320,320,320,320,320,320,320,320,318,318,318,318,318,316,316,316,314,314,312,312,310,308,306,306,302,300,298,296,296,294,292,290,288,286,286,284,282,280,278,274,274,272,270,268,266,266,264,262,260,258,258,256,254,252,252,248,246,244,242,240,238,236,234,232,230,228,226,224,222,220,218,216,212,210,208,206,204,202,200,198,196,194,192,190,188,186,184,182,180,178,174,172,170,168,166,164,162,160,158,156,154,152,150,148,146,144,142,140,138,136,134,132,130,128,126,124,122,120,118,116,114,112,110,108,106,104,104,102,100,98,96,96,96,96,96,96,96,96,96,96,96,96,96,96,96,96,96,96,96,96,96,96,96,96,96,96,96,96,96,96,96,96,96,96,96,96,96,96,96,96,96,96,96,96,96,96,96,96,96,96,96,96,96,96,96,96,96,96,96,96,96,96,96,96,96,96,96,96,96,96,96,96,96,96,96,96,96,96,96,96,96,96,96,96,96,96,96,96,96,96,96,96,98,98,98,98,98,98,98,98,98,98,98,98,98,98,98,98,98,98,98,98,98,98,100,100,100,100,100,100,100,100,100,100,100,100,100,100,100,102,102,102,102,102,102,102,102,104,104,104,104,104,104,106,106,106,106,106,108,108,108,108,108,108,108,108,108,108,108,108,108,108,108,108,108,108,108,108,108,108,108,108,108,108,108,108,108,108,108,108,108,108,108,108,108,108,108,108,108,108,108,108,108,108,108,108,108,108,108,108,108,108,108,108,108,108,108,108,108,108,108,108,108,108,108,108,108,108,108,108,108,108,108,108,108,108,108,108,108,108,108,108,108,108,108,108,108,108,108,108,108,108,108,108,108,108,108,108,108,108,108,108,108,108,108,108,108,108,108,108,108,108,108,108,108,108,108,108,108,108,108,108,108,108,108,108,108,108,108,108,108,108,108,108,108,108,108,108,108,108,108,108,108,108,108,108,108,108,108,108,108,108,108,108,108,108,108,108,108,108,108,108,108,108,108,108,108,108,108,108,108,108,108,108,108,108,108,108,108,108,108,108,108,108,108,108,108,108,108,108,108,108,108,108,108,108,108,108,108,108,108,108,108,108,108,108,108,108,108,108,108,108,108,108,108,108,108,108,108,108,108,108,108,108,108,108,108,108,108,108,108,108,108,108,106,106,106,106,106,104,104,104,104,102,102,102,100,100,100,98,98,96,96,94,94,92,92,90,90,88,86,86,84,84,82,80,80,78,76,76,74,74,72,70,70,68,68,66,64,66,64,62,62,60,58,58,56,54,54,52,52,52,52,52,52,52,52,52,52,52,52,52,52,52,52,52,52,52,52,52,52,52,52,52,52,52,52,52,54,54,54,54,54,54,54,54,54,54,54,54,54,54,54,54,56,58,60,62,64,68,70,72,74,76,78,80,82,84,86,88,90,92,94,96,98,102,104,106,110,114,118,122,126,130,134,138,142,146,150,154,158,162,166,170,174,178,182,186,190,194,200,206,212,218,224,230,236,242,248,254,260,266,272,278,284,290,296,302,308,314,320,326,334,342,350,358,366,374,382,390,396,404,412,420,428,436,444,452,460,468,476,484,492,500,508,516,524,532,540,548,556,562,570,578,586,594,602,610,618,626,634,642,650,658,666,672,680,688,694,700,706,712,718,724,730,736,742,748,752,758,764,770,776,780,784,788,792,794,798,802,806,810,814,818,822,824,826,828,830,830,832,834,836,838,840,842,844,846,848,850,852,854,856,858,860,862,864,864,866,868,868,870,870,870,872,872,872,872,872,872,872,872,872,874
296,300,304,308,312,316,318,320,322,324,326,328,330,332,334,336,338,338,338,338,338,338,338,338,338,338,338,338,338,338,338,338,338,338,338,338,338,338,338,338,338,336,336,336,334,334,332,332,330,328,328,326,324,322,322,320,318,316,314,312,310,308,306,304,302,300,298,296,294,292,290,288,286,284,282,280,278,276,276,274,272,270,268,266,264,262,260,258,256,254,252,250,248,246,244,242,240,238,236,234,232,230,228,226,224,222,220,218,216,214,212,210,208,206,204,202,200,200,198,196,194,192,190,188,186,184,182,180,178,176,174,172,170,168,166,164,162,160,158,156,154,152,150,148,146,144,142,140,138,136,134,132,130,128,126,124,122,120,118,116,114,112,110,108,106,104,102,100,98,96,94,92,90,88,86,84,84,82,80,78,78,76,74,74,74,74,74,74,74,74,74,74,74,74,74,74,74,74,74,74,74,74,74,74,74,74,74,74,74,74,74,74,74,74,74,74,74,74,74,74,74,74,74,74,74,74,74,74,74,74,74,74,74,74,74,74,74,74,74,74,74,74,74,74,74,74,74,74,76,76,76,76,76,76,76,76,78,78,78,78,78,78,78,78,78,78,78,78,78,80,80,80,80,80,80,80,80,80,80,80,80,80,80,80,80,80,82,82,82,82,82,82,82,82,82,82,82,82,82,82,82,84,84,84,84,84,84,84,84,84,84,84,86,86,86,86,86,86,86,86,88,88,88,88,88,90,90,90,90,90,90,90,90,90,90,90,90,90,90,90,90,90,90,90,90,90,90,90,90,90,90,90,90,90,90,90,90,90,90,90,90,90,90,90,90,90,90,90,90,90,90,90,90,90,90,90,90,90,90,90,90,90,90,90,90,90,90,90,90,90,90,90,90,90,90,90,90,90,90,90,90,90,90,90,90,90,90,90,90,90,90,90,90,90,90,90,90,90,90,90,90,90,90,90,90,90,90,90,90,90,90,90,90,90,90,90,90,90,90,90,90,90,90,90,90,90,90,90,90,90,90,90,90,90,90,90,90,90,90,90,90,90,90,90,90,90,90,90,90,90,90,90,90,90,90,90,90,90,90,90,90,90,90,90,90,90,90,90,90,90,90,90,90,90,90,90,90,90,90,90,90,90,90,90,90,90,90,90,90,90,90,90,90,90,90,90,90,90,90,90,90,90,90,90,90,90,90,90,90,90,90,90,90,90,90,90,90,90,90,90,90,90,90,90,90,90,90,90,90,90,90,90,90,90,90,90,90,90,90,90,90,90,90,90,90,90,90,90,90,90,90,90,90,90,90,90,94,94,94,94,94,94,94,94,94,94,94,94,94,94,94,94,94,94,94,94,94,94,94,94,94,94,94,94,94,94,94,94,94,94,94,94,94,94,94,96,96,96,96,96,98,98,98,98,98,100,102,104,106,108,110,112,114,116,118,120,122,124,126,130,132,134,136,138,140,142,144,146,148,150,152,154,154,156,158,160,162,164,166,168,170,172,174,176,178,180,182,184,186,188,190,192,194,196,198,200,202,204,206,208,210,212,214,216,218,220,222,224,226,228,230,232,234,236,238,240,242,244,246,248,250,252,254,256,258,260,262,264,266,268,270,272,274,276,278,280,282,284,286,288,290,292,294,296,298,300,302,304,306,308,310,312,312,314,316,318,320,322,324,326,328,330,332,334,336,338,340,342,344,346,348,350,352,354,356,358,358,360,362,364,366,368,370,372,374,376,378,380,382,382,384,386,388,390,390,392,392,392,392,392,392,392,392,392,392,392,392,392,392,392,392,392,392,392,392,392,392,392,392,392,392,392,392,392,392,392,392,392,392,392,392,392,392,392,392,392,392,392,392,392,392,392,392,392,392,392,392
246,248,250,252,254,256,258,260,262,264,266,268,270,272,274,274,274,274,274,274,274,274,274,274,274,274,274,274,274,274,274,274,274,274,274,274,274,274,274,272,272,272,272,270,270,270,268,268,266,266,264,264,262,260,260,258,258,256,254,254,252,250,248,246,246,244,244,242,242,240,240,238,238,236,236,234,232,232,232,230,230,230,228,228,228,224,224,226,226,224,224,224,224,222,222,222,222,220,220,220,218,218,218,216,216,216,214,214,214,212,212,212,210,210,210,208,208,206,206,206,204,204,202,202,200,200,198,198,196,196,194,194,192,192,190,190,188,186,186,184,182,182,180,178,178,176,174,172,172,170,168,168,166,164,164,162,160,160,158,156,154,154,152,150,150,148,146,146,144,142,142,140,140,138,138,136,136,134,132,132,132,130,130,128,128,126,126,126,124,124,122,122,122,120,120,120,120,118,118,118,118,118,116,116,118,118,118,116,116,116,116,114,114,114,114,114,112,112,112,110,110,110,110,108,108,108,106,106,106,104,104,104,104,104,104,104,104,104,104,104,104,104,104,104,104,104,104,104,104,104,104,104,104,104,104,104,104,104,104,104,104,104,104,104,104,104,104,104,104,104,104,104,104,104,104,104,104,104,104,104,104,104,104,104,104,102,102,102,102,102,102,102,102,102,100,100,100,100,100,100,100,100,98,98,98,98,98,98,98,98,96,96,96,96,96,96,96,94,94,94,94,94,94,94,92,92,92,92,92,92,90,90,90,90,90,88,88,88,88,88,86,86,86,86,86,84,84,84,84,82,82,82,80,80,80,80,78,78,78,76,76,76,74,74,74,72,72,70,70,70,68,68,66,66,64,64,64,64,62,62,62,62,62,62,62,62,62,62,62,62,62,62,62,62,62,62,62,62,62,62,62,64,64,64,64,64,64,64,64,64,64,64,64,64,64,64,64,64,64,64,64,64,64,64,64,66,66,66,66,66,66,66,66,66,66,66,66,66,66,66,66,66,68,68,68,68,68,68,68,68,68,68,68,68,68,68,68,68,68,68,70,72,74,76,76,78,80,82,84,86,88,90,92,94,96,98,100,102,104,106,108,110,112,114,116,118,120,122,124,126,128,130,132,134,136,138,140,142,144,146,148,150,152,154,156,158,160,162,164,166,168,170,174,176,178,180,184,188,192,196,200,204,208,212,216,220,224,228,232,236,240,244,248,252,256,260,264,268,272,274,278,282,286,290,294,298,302,306,310,314,318,322,326,330,334,336,338,340,342,344,346,348,350,352,354,356,358,360,362,364,366,368,370,370,372,374,376,378,380,380,380,380,380,380,380,380,380,380,380,380,380,380,380,380,378,378,376,374,372,370,368,366,364,362,360,358,356,354,352,350,348,346,344,342,340,338,336,334,332,330,328,326,324,322,320,316,314,312,308,306,304,300,298,294,292,288,286,282,278,274,272,268,264,260,258,254,250,246,242,238,236,236,234,232,230,228,226,224,220,218,216,214,212,210,208,206,204,202,200,198,196,196,194,192,190,188,186,184,182,180,178,176,174,172,170,168,168,168,168,168,168,168,168,168,168,168,168,168,168,168,168,168,168,168,168,168,168,168,168,168,168,168,168,168,170,172,174,176,178,180,182,184,186,188,190,192,194,196,198,200,202,204,206,208,210,212,214,216,218,220,222,224,226,228,230,232,234,238,240,242,244,246,250,252,254,258,260,264,266,268,270,272,274,276,276,278,280,282,284,286,288,290,292,294,296,298,300,302,304,306,308,310,312,314,316,318,320,322,324,326,328,330,332,334,336,338,340,342,344,346,348,350,350,352,354,356,358,360,360,362,364,366,366,368,368,370,370,372,372,374,374,374,374,374,374,374,376
274,278,282,286,290,294,298,302,306,308,310,312,314,314,316,318,320,322,324,326,328,330,330,330,330,330,330,330,330,330,330,330,330,330,330,330,330,330,330,330,330,330,330,330,330,330,330,328,328,328,328,328,326,326,326,324,324,324,322,322,322,320,320,318,318,316,316,314,314,312,312,310,310,308,308,306,304,304,302,302,300,298,298,296,294,292,292,290,288,288,286,284,282,282,280,278,276,274,272,272,270,268,266,264,264,262,260,258,256,256,254,252,250,250,248,246,246,244,242,240,238,238,236,236,234,232,230,228,226,226,224,222,220,218,216,214,212,210,208,206,204,202,200,198,196,194,192,190,188,186,184,182,180,180,178,176,174,172,170,168,166,164,162,160,158,156,154,152,150,150,148,146,144,142,140,138,136,134,132,130,128,128,126,124,122,120,120,120,120,120,120,120,120,120,120,120,120,120,120,120,120,120,120,120,120,120,120,120,120,120,120,120,120,120,120,120,120,120,120,120,120,120,120,120,120,120,120,120,120,120,120,120,120,120,120,120,120,120,120,120,120,120,120,120,120,120,120,120,120,120,120,120,120,120,120,120,120,120,120,120,120,120,120,120,120,120,120,120,120,120,120,120,120,120,120,120,120,120,120,120,120,120,120,120,120,118,118,118,118,118,118,118,118,118,116,116,116,116,116,114,114,114,114,114,112,112,112,112,110,110,110,110,108,108,108,108,106,106,106,106,104,104,104,104,104,104,104,104,104,104,104,104,104,104,104,104,104,104,104,104,104,104,104,104,104,104,104,104,104,104,104,104,104,104,104,104,104,104,104,104,104,104,104,104,104,104,104,104,104,104,104,104,104,104,104,104,104,104,104,104,104,104,104,104,104,104,104,104,104,104,104,104,104,104,104,104,104,104,104,104,104,104,104,104,104,104,104,104,104,104,106,106,106,106,106,106,106,106,106,106,106,106,106,106,106,106,106,106,106,106,106,106,106,106,106,106,106,106,106,106,106,106,106,106,106,106,106,106,106,106,106,106,106,106,106,106,106,106,106,106,106,106,106,106,106,106,106,106,106,106,106,106,106,106,106,106,106,106,106,106,106,106,106,106,106,106,106,106,106,106,106,106,106,106,106,106,106,106,106,106,106,106,106,106,106,106,106,106,106,106,106,106,106,106,106,106,106,106,106,106,106,106,106,106,106,106,106,106,106,106,106,106,106,106,106,106,106,106,106,108,108,108,108,108,108,108,108,108,108,108,108,108,108,108,110,110,110,110,110,110,110,110,110,110,110,112,112,112,112,112,112,112,112,112,114,114,114,114,114,114,114,114,116,116,116,116,118,118,120,122,124,126,128,130,132,134,136,138,140,142,144,146,148,150,152,154,156,158,160,162,164,166,168,170,172,174,176,178,180,182,184,186,188,190,192,194,196,198,200,202,204,206,208,210,212,214,216,218,220,222,224,226,228,230,232,234,236,238,240,242,244,246,248,250,252,254,256,258,260,262,264,266,268,270,272,274,276,278,280,282,284,286,288,290,292,294,296,298,300,302,304,304,304,304,304,304,304,304,304,304,304,304,304,304,304,304,304,304,304,304,304,304,304,304,304,304,304,304,304,304,304,302,300,298,296,294,292,290,288,286,284,282,280,278,276,274,272,270,268,266,264,262,260,258,256,254,252,250,248,246,244,242,240,238,236,234,232,230,228,226,224,222,220,218,216,214,212,210,208,206,204,202,200,198,196,194,192,190,188,186,184,182,180,178,176,174,174,174,174,174,174,174,174,174,174,174,174,174,174,174,174,174,174,174,174,174,174,174,174,174,174,174,174,174,174,174,174,174,174,174,174,174,174,174,174,174,174,174,174,174,174,174,174,174,174,174,174
